%  Uniform Perceptual Contrast Colourmap
% 
%  Usage:  map = linear_blue_5_95_c73_n256
% 
% 
%  Centre for Exploration Targeting
%  The University of Western Australia
%  23-Nov-2014 
% 
function map = linear_blue_5_95_c73_n256
map = [ ...
0.000000 0.017709 0.346413
0.000000 0.020672 0.355500
0.000000 0.023402 0.364598
0.000000 0.025899 0.373756
0.000000 0.028159 0.382946
0.000000 0.030176 0.392170
0.000000 0.031948 0.401434
0.000000 0.033460 0.410740
0.000000 0.034886 0.420065
0.000000 0.036005 0.429430
0.000000 0.037031 0.438819
0.000000 0.038092 0.448246
0.000000 0.039171 0.457695
0.000000 0.040270 0.467181
0.000000 0.041408 0.476678
0.000000 0.042463 0.486205
0.000000 0.043503 0.495757
0.000000 0.044741 0.505330
0.000000 0.045774 0.514939
0.000000 0.047001 0.524561
0.000000 0.048092 0.534200
0.000000 0.049352 0.543867
0.000000 0.050447 0.553548
0.000000 0.051609 0.563259
0.000000 0.052795 0.572977
0.000000 0.054014 0.582706
0.000000 0.055261 0.592470
0.000000 0.056563 0.602228
0.000000 0.057716 0.612007
0.000000 0.059101 0.621795
0.000000 0.060386 0.631606
0.000000 0.061629 0.641415
0.000000 0.063072 0.651242
0.000000 0.064391 0.661065
0.000000 0.065778 0.670900
0.000000 0.067217 0.680725
0.000000 0.068717 0.690562
0.000000 0.070145 0.700399
0.000000 0.071697 0.710228
0.000000 0.073287 0.720049
0.000000 0.074826 0.729852
0.000000 0.076443 0.739645
0.000000 0.078139 0.749421
0.000000 0.079949 0.759143
0.000000 0.081938 0.768699
0.000000 0.084002 0.778055
0.000000 0.086168 0.787202
0.000000 0.088608 0.796140
0.000000 0.091174 0.804883
0.000000 0.093837 0.813416
0.000000 0.096631 0.821750
0.000000 0.099653 0.829871
0.000000 0.102796 0.837779
0.000000 0.106081 0.845460
0.000000 0.109493 0.852930
0.000000 0.113011 0.860187
0.000000 0.116627 0.867223
0.000000 0.120353 0.874051
0.000000 0.124221 0.880660
0.000000 0.128228 0.887054
0.000000 0.132305 0.893221
0.000000 0.136458 0.899163
0.000000 0.140785 0.904875
0.000000 0.145162 0.910367
0.000000 0.149611 0.915629
0.000000 0.154116 0.920675
0.000000 0.158760 0.925501
0.000000 0.163459 0.930100
0.000000 0.168196 0.934465
0.000000 0.173043 0.938598
0.000000 0.177990 0.942499
0.000000 0.182915 0.946182
0.000000 0.187958 0.949709
0.000000 0.192946 0.953114
0.000000 0.197967 0.956395
0.000000 0.203010 0.959560
0.000000 0.208069 0.962603
0.000000 0.213123 0.965520
0.000000 0.218225 0.968321
0.000000 0.223324 0.970997
0.000000 0.228440 0.973557
0.000000 0.233529 0.975993
0.000000 0.238670 0.978312
0.000000 0.243813 0.980515
0.000000 0.248996 0.982592
0.000000 0.254175 0.984543
0.000000 0.259372 0.986367
0.000000 0.264560 0.988069
0.000000 0.269792 0.989655
0.000000 0.275011 0.991116
0.000000 0.280247 0.992458
0.000000 0.285500 0.993677
0.000000 0.290782 0.994767
0.000000 0.296068 0.995732
0.000000 0.301361 0.996573
0.000000 0.306690 0.997292
0.000000 0.311994 0.997889
0.000000 0.317348 0.998363
0.000000 0.322709 0.998715
0.000000 0.328058 0.998947
0.000000 0.333419 0.999110
0.000000 0.338727 0.999261
0.000000 0.343992 0.999418
0.000000 0.349239 0.999582
0.000000 0.354440 0.999752
0.000000 0.359601 0.999928
0.000000 0.364728 1.000000
0.000000 0.369827 1.000000
0.000000 0.374898 1.000000
0.000000 0.379937 1.000000
0.000000 0.384940 1.000000
0.000000 0.389922 1.000000
0.000000 0.394885 1.000000
0.000000 0.399810 1.000000
0.000000 0.404718 1.000000
0.000000 0.409613 1.000000
0.000000 0.414471 1.000000
0.000000 0.419316 1.000000
0.000000 0.424128 1.000000
0.000000 0.428930 1.000000
0.000000 0.433702 1.000000
0.000000 0.438469 1.000000
0.000000 0.443216 1.000000
0.000000 0.447933 1.000000
0.000000 0.452655 1.000000
0.000000 0.457335 1.000000
0.000000 0.462012 1.000000
0.000000 0.466674 1.000000
0.000000 0.471323 1.000000
0.000000 0.475960 1.000000
0.000000 0.480588 1.000000
0.000000 0.485215 1.000000
0.000000 0.489841 1.000000
0.000000 0.494471 1.000000
0.000000 0.499081 1.000000
0.000000 0.503693 1.000000
0.000000 0.508312 1.000000
0.000000 0.512908 1.000000
0.000000 0.517517 1.000000
0.000000 0.522103 1.000000
0.000000 0.526712 1.000000
0.000000 0.531298 1.000000
0.000000 0.535884 1.000000
0.000000 0.540475 1.000000
0.000000 0.545060 1.000000
0.000000 0.549643 1.000000
0.000000 0.554223 1.000000
0.000000 0.558793 1.000000
0.000000 0.563380 1.000000
0.000000 0.567947 1.000000
0.000000 0.572524 1.000000
0.000000 0.577091 1.000000
0.000000 0.581655 1.000000
0.000000 0.586226 1.000000
0.000000 0.590787 1.000000
0.000000 0.595352 1.000000
0.000000 0.599918 1.000000
0.000000 0.604484 1.000000
0.000000 0.609052 1.000000
0.000000 0.613607 1.000000
0.000000 0.618182 1.000000
0.000000 0.622753 1.000000
0.000000 0.627326 1.000000
0.000000 0.631903 1.000000
0.000000 0.636484 1.000000
0.000000 0.641055 1.000000
0.000000 0.645637 1.000000
0.000000 0.650225 1.000000
0.000000 0.654805 1.000000
0.000000 0.659396 1.000000
0.000000 0.663990 1.000000
0.000000 0.668582 1.000000
0.000000 0.673177 1.000000
0.000000 0.677775 1.000000
0.000000 0.682366 1.000000
0.000000 0.686970 1.000000
0.000000 0.691572 1.000000
0.000000 0.696181 1.000000
0.000000 0.700788 1.000000
0.000000 0.705396 1.000000
0.000000 0.710010 1.000000
0.000000 0.714619 1.000000
0.000000 0.719241 1.000000
0.000000 0.723857 1.000000
0.000000 0.728478 1.000000
0.000000 0.733104 1.000000
0.000000 0.737723 1.000000
0.000000 0.742350 1.000000
0.000000 0.746973 1.000000
0.000000 0.751599 1.000000
0.000000 0.756218 1.000000
0.000000 0.760843 1.000000
0.000000 0.765469 1.000000
0.000000 0.770088 1.000000
0.000000 0.774711 1.000000
0.000000 0.779337 1.000000
0.000000 0.783968 1.000000
0.000000 0.788590 1.000000
0.000000 0.793217 1.000000
0.000000 0.797838 1.000000
0.000000 0.802463 1.000000
0.000000 0.807094 1.000000
0.000000 0.811720 1.000000
0.000000 0.816349 1.000000
0.000000 0.820972 1.000000
0.000000 0.825599 1.000000
0.000000 0.830231 1.000000
0.000000 0.834859 1.000000
0.000000 0.839490 1.000000
0.000000 0.844115 1.000000
0.000000 0.848743 1.000000
0.000000 0.853365 1.000000
0.000000 0.858001 1.000000
0.000000 0.862614 1.000000
0.000000 0.867132 1.000000
0.000000 0.871567 1.000000
0.000000 0.875911 1.000000
0.000000 0.880175 1.000000
0.000000 0.884374 1.000000
0.000000 0.888505 1.000000
0.000000 0.892573 1.000000
0.000000 0.896581 1.000000
0.000000 0.900532 1.000000
0.000000 0.904436 1.000000
0.000000 0.908300 1.000000
0.000000 0.912115 1.000000
0.000000 0.915890 1.000000
0.000000 0.919624 1.000000
0.000000 0.923320 1.000000
0.063667 0.926975 1.000000
0.119263 0.930609 1.000000
0.158627 0.934195 1.000000
0.190885 0.937757 1.000000
0.218979 0.941286 1.000000
0.244263 0.944794 1.000000
0.267719 0.948258 1.000000
0.289630 0.951701 1.000000
0.310254 0.955126 1.000000
0.330030 0.958514 1.000000
0.348946 0.961873 1.000000
0.367105 0.965220 1.000000
0.384793 0.968535 1.000000
0.401912 0.971828 1.000000
0.418562 0.975098 1.000000
0.434887 0.978341 1.000000
0.450777 0.981574 1.000000
0.466388 0.984778 1.000000
0.481712 0.987955 1.000000
0.496714 0.991122 1.000000
0.511567 0.994257 1.000000
0.526139 0.997379 1.000000
0.540539 1.000000 1.000000
0.554763 1.000000 1.000000
0.568756 1.000000 1.000000
0.582642 1.000000 1.000000
0.596324 1.000000 1.000000
];
