%  Uniform Perceptual Contrast Colourmap
% 
%  Usage:  map = linear_ternary_red_0_50_c52_n256
% 
% 
%  Centre for Exploration Targeting
%  The University of Western Australia
%  23-Nov-2014 
% 
function map = linear_ternary_red_0_50_c52_n256
map = [ ...
0.000000 0.000000 0.000000
0.008025 0.001515 0.000000
0.016166 0.003054 0.000000
0.024126 0.004557 0.000000
0.032164 0.006081 0.000000
0.040345 0.007616 0.000000
0.047917 0.009057 0.000000
0.055209 0.010404 0.000000
0.062360 0.011803 0.000000
0.068888 0.012988 0.000000
0.074917 0.014153 0.000000
0.080792 0.015256 0.000000
0.086386 0.016319 0.000000
0.091832 0.017341 0.000000
0.096947 0.018317 0.000000
0.101991 0.019262 0.000000
0.106882 0.020182 0.000000
0.111562 0.021071 0.000000
0.116123 0.021929 0.000000
0.120506 0.022761 0.000000
0.124822 0.023572 0.000000
0.129014 0.024369 0.000000
0.133121 0.025144 0.000000
0.137116 0.025899 0.000000
0.141037 0.026637 0.000000
0.144836 0.027362 0.000000
0.148518 0.028076 0.000000
0.152181 0.028765 0.000000
0.155795 0.029444 0.000000
0.159289 0.030110 0.000000
0.162745 0.030760 0.000000
0.166118 0.031401 0.000000
0.169474 0.032031 0.000000
0.172713 0.032655 0.000000
0.175901 0.033257 0.000000
0.179087 0.033824 0.000000
0.182228 0.034436 0.000000
0.185421 0.035067 0.000000
0.188468 0.035630 0.000000
0.191419 0.036170 0.000000
0.194369 0.036729 0.000000
0.197251 0.037267 0.000001
0.200116 0.037802 0.000001
0.203028 0.038349 0.000001
0.205942 0.038898 0.000001
0.208838 0.039449 0.000001
0.211764 0.039999 0.000001
0.214662 0.040546 0.000001
0.217610 0.041100 0.000001
0.220569 0.041669 0.000001
0.223463 0.042219 0.000001
0.226347 0.042741 0.000001
0.229245 0.043284 0.000001
0.232226 0.043860 0.000001
0.235221 0.044439 0.000001
0.238148 0.045002 0.000001
0.241064 0.045522 0.000001
0.244011 0.046076 0.000001
0.247008 0.046672 0.000001
0.249954 0.047232 0.000001
0.252930 0.047749 0.000001
0.255910 0.048339 0.000001
0.258943 0.048928 0.000001
0.261906 0.049479 0.000001
0.264862 0.050025 0.000001
0.267829 0.050590 0.000001
0.270843 0.051156 0.000002
0.273831 0.051721 0.000001
0.276825 0.052289 0.000001
0.279830 0.052858 0.000001
0.282842 0.053424 0.000001
0.285840 0.053993 0.000001
0.288879 0.054565 0.000002
0.291905 0.055134 0.000002
0.294935 0.055708 0.000001
0.297985 0.056296 0.000001
0.301006 0.056866 0.000001
0.304010 0.057414 0.000001
0.307051 0.057986 0.000001
0.310132 0.058580 0.000002
0.313201 0.059170 0.000002
0.316275 0.059754 0.000001
0.319309 0.060320 0.000001
0.322337 0.060876 0.000001
0.325377 0.061448 0.000001
0.328485 0.062046 0.000001
0.331574 0.062650 0.000001
0.334666 0.063220 0.000002
0.337720 0.063788 0.000002
0.340804 0.064374 0.000001
0.343876 0.064956 0.000001
0.346984 0.065538 0.000001
0.350077 0.066125 0.000001
0.353178 0.066712 0.000001
0.356288 0.067299 0.000001
0.359393 0.067883 0.000002
0.362521 0.068473 0.000002
0.365650 0.069079 0.000002
0.368758 0.069658 0.000001
0.371846 0.070223 0.000001
0.374984 0.070835 0.000001
0.378125 0.071435 0.000001
0.381246 0.072005 0.000001
0.384378 0.072592 0.000002
0.387536 0.073217 0.000002
0.390689 0.073807 0.000002
0.393819 0.074384 0.000002
0.396954 0.074981 0.000001
0.400109 0.075576 0.000001
0.403271 0.076172 0.000001
0.406426 0.076769 0.000001
0.409593 0.077367 0.000001
0.412770 0.077967 0.000001
0.415937 0.078566 0.000002
0.419122 0.079167 0.000002
0.422300 0.079769 0.000002
0.425503 0.080371 0.000002
0.428701 0.080974 0.000001
0.431921 0.081588 0.000001
0.435119 0.082195 0.000001
0.438283 0.082780 0.000001
0.441496 0.083388 0.000001
0.444722 0.084012 0.000001
0.447914 0.084617 0.000002
0.451115 0.085205 0.000002
0.454327 0.085801 0.000002
0.457558 0.086427 0.000002
0.460799 0.087056 0.000002
0.464040 0.087652 0.000002
0.467267 0.088257 0.000001
0.470494 0.088871 0.000001
0.473727 0.089482 0.000001
0.476974 0.090095 0.000001
0.480225 0.090707 0.000001
0.483481 0.091327 0.000001
0.486734 0.091949 0.000002
0.489964 0.092545 0.000002
0.493214 0.093154 0.000002
0.496489 0.093784 0.000002
0.499773 0.094411 0.000002
0.503048 0.095031 0.000002
0.506311 0.095640 0.000002
0.509570 0.096244 0.000001
0.512849 0.096865 0.000001
0.516155 0.097503 0.000001
0.519451 0.098123 0.000001
0.522735 0.098737 0.000001
0.526027 0.099359 0.000001
0.529324 0.099983 0.000001
0.532624 0.100606 0.000001
0.535921 0.101230 0.000002
0.539230 0.101854 0.000002
0.542554 0.102479 0.000002
0.545879 0.103114 0.000002
0.549190 0.103745 0.000002
0.552493 0.104350 0.000002
0.555803 0.104980 0.000002
0.559150 0.105620 0.000002
0.562508 0.106255 0.000001
0.565833 0.106885 0.000001
0.569154 0.107506 0.000001
0.572486 0.108128 0.000001
0.575845 0.108769 0.000001
0.579206 0.109409 0.000001
0.582555 0.110041 0.000001
0.585905 0.110669 0.000001
0.589252 0.111304 0.000001
0.592623 0.111938 0.000001
0.595985 0.112574 0.000002
0.599357 0.113219 0.000002
0.602706 0.113846 0.000002
0.606061 0.114470 0.000002
0.609450 0.115116 0.000002
0.612837 0.115764 0.000002
0.616225 0.116406 0.000002
0.619604 0.117026 0.000002
0.622993 0.117673 0.000002
0.626392 0.118330 0.000002
0.629782 0.118961 0.000002
0.633173 0.119597 0.000002
0.636573 0.120241 0.000001
0.639973 0.120883 0.000001
0.643369 0.121525 0.000001
0.646787 0.122170 0.000001
0.650195 0.122814 0.000001
0.653616 0.123460 0.000001
0.657039 0.124107 0.000001
0.660462 0.124754 0.000001
0.663903 0.125405 0.000001
0.667336 0.126054 0.000001
0.670749 0.126694 0.000000
0.674188 0.127345 0.000000
0.677636 0.128002 0.000000
0.681057 0.128643 0.000000
0.684508 0.129292 0.000000
0.687974 0.129955 0.000000
0.691419 0.130605 0.000000
0.694864 0.131251 0.000000
0.698318 0.131904 0.000000
0.701774 0.132558 0.000000
0.705239 0.133211 0.000000
0.708711 0.133866 0.000000
0.712179 0.134526 0.000000
0.715647 0.135181 0.000000
0.719101 0.135823 0.000000
0.722576 0.136484 0.000000
0.726074 0.137148 0.000000
0.729563 0.137812 0.000000
0.733042 0.138466 0.000000
0.736511 0.139115 0.000000
0.740008 0.139770 0.000000
0.743513 0.140443 0.000000
0.747014 0.141109 0.000000
0.750510 0.141761 0.000000
0.754010 0.142423 0.000000
0.757513 0.143086 0.000000
0.761022 0.143748 0.000000
0.764536 0.144410 0.000000
0.768052 0.145079 0.000000
0.771571 0.145747 0.000000
0.775075 0.146396 0.000000
0.778601 0.147068 0.000000
0.782130 0.147743 0.000000
0.785650 0.148393 0.000000
0.789189 0.149067 0.000000
0.792727 0.149745 0.000000
0.796254 0.150404 0.000000
0.799795 0.151070 0.000000
0.803329 0.151740 0.000000
0.806876 0.152409 0.000000
0.810418 0.153079 0.000000
0.813968 0.153750 0.000000
0.817524 0.154421 0.000000
0.821083 0.155092 0.000000
0.824651 0.155768 0.000000
0.828210 0.156447 0.000000
0.831768 0.157107 0.000000
0.835337 0.157782 0.000000
0.838911 0.158468 0.000000
0.842479 0.159136 0.000000
0.846038 0.159803 0.000000
0.849626 0.160479 0.000000
0.853215 0.161166 0.000000
0.856801 0.161843 0.000000
0.860383 0.162515 0.000000
0.863979 0.163194 0.000000
0.867570 0.163876 0.000000
0.871152 0.164554 0.000000
0.874735 0.165225 0.000000
0.878339 0.165907 0.000000
0.881956 0.166591 0.000000
0.885556 0.167274 0.000000
0.889154 0.167950 0.000000
0.892773 0.168634 0.000000
0.896392 0.169319 0.000000
0.900000 0.170000 0.000000
];
