%  Uniform Perceptual Contrast Colourmap
% 
%  Usage:  map = linear_ternary_green_0_46_c42_n256
% 
% 
%  Centre for Exploration Targeting
%  The University of Western Australia
%  23-Nov-2014 
% 
function map = linear_ternary_green_0_46_c42_n256
map = [ ...
0.000000 0.000000 0.000000
0.000000 0.003593 0.000000
0.000000 0.007143 0.000000
0.000000 0.010757 0.000000
0.000000 0.014524 0.000000
0.000000 0.018105 0.000000
0.000000 0.021687 0.000000
0.000000 0.025284 0.000000
0.000000 0.028821 0.000000
0.000000 0.032444 0.000000
0.000000 0.036221 0.000000
0.000000 0.039766 0.000000
0.000000 0.043161 0.000000
0.000000 0.046597 0.000000
0.000000 0.049768 0.000000
0.000000 0.052749 0.000000
0.000000 0.055759 0.000000
0.000000 0.058542 0.000000
0.000000 0.061269 0.000000
0.000000 0.063951 0.000000
0.000000 0.066548 0.000000
0.000000 0.069095 0.000000
0.000000 0.071498 0.000000
0.000000 0.073870 0.000000
0.000000 0.076086 0.000000
0.000000 0.078320 0.000000
0.000000 0.080566 0.000000
0.000000 0.082735 0.000000
0.000000 0.084825 0.000000
0.000000 0.086923 0.000000
0.000000 0.088913 0.000000
0.000000 0.090908 0.000000
0.000000 0.092798 0.000000
0.000000 0.094766 0.000000
0.000000 0.096572 0.000000
0.000000 0.098465 0.000000
0.000000 0.100250 0.000000
0.000000 0.102040 0.000000
0.000000 0.103822 0.000000
0.000000 0.105523 0.000000
0.000000 0.107251 0.000000
0.000000 0.108919 0.000000
0.000000 0.110591 0.000000
0.000000 0.112220 0.000000
0.000004 0.113814 0.000001
0.000016 0.115393 0.000002
0.000017 0.116984 0.000002
0.000013 0.118628 0.000002
0.000010 0.120178 0.000001
0.000013 0.121763 0.000002
0.000016 0.123381 0.000002
0.000017 0.125016 0.000002
0.000016 0.126623 0.000002
0.000011 0.128260 0.000001
0.000008 0.129902 0.000001
0.000014 0.131502 0.000002
0.000017 0.133121 0.000002
0.000018 0.134773 0.000002
0.000016 0.136352 0.000002
0.000012 0.138026 0.000002
0.000008 0.139617 0.000001
0.000014 0.141302 0.000002
0.000018 0.142931 0.000002
0.000018 0.144584 0.000002
0.000017 0.146213 0.000002
0.000012 0.147872 0.000002
0.000009 0.149540 0.000001
0.000013 0.151162 0.000002
0.000017 0.152811 0.000002
0.000019 0.154479 0.000002
0.000018 0.156177 0.000002
0.000015 0.157816 0.000002
0.000011 0.159468 0.000001
0.000009 0.161179 0.000001
0.000015 0.162841 0.000002
0.000018 0.164516 0.000002
0.000010 0.166179 0.000002
0.000000 0.167860 0.000002
0.000000 0.169573 0.000002
0.000000 0.171228 0.000001
0.000000 0.172923 0.000001
0.000000 0.174622 0.000002
0.000000 0.176286 0.000002
0.000000 0.178036 0.000002
0.000000 0.179697 0.000002
0.000000 0.181385 0.000002
0.000000 0.183095 0.000002
0.000000 0.184820 0.000001
0.000000 0.186526 0.000001
0.000000 0.188256 0.000002
0.000000 0.189940 0.000002
0.000000 0.191654 0.000002
0.000000 0.193387 0.000002
0.000000 0.195105 0.000002
0.000000 0.196844 0.000002
0.000000 0.198536 0.000001
0.000000 0.200250 0.000001
0.000000 0.201993 0.000002
0.000000 0.203754 0.000002
0.000000 0.205472 0.000002
0.000000 0.207218 0.000002
0.000000 0.208945 0.000002
0.000000 0.210693 0.000002
0.000000 0.212438 0.000002
0.000000 0.214188 0.000001
0.000000 0.215944 0.000001
0.000000 0.217685 0.000002
0.000000 0.219438 0.000002
0.000000 0.221200 0.000002
0.000000 0.222957 0.000002
0.000000 0.224682 0.000002
0.000000 0.226480 0.000002
0.000000 0.228240 0.000002
0.000000 0.229985 0.000001
0.000000 0.231771 0.000001
0.000000 0.233518 0.000001
0.000000 0.235327 0.000002
0.000000 0.237102 0.000002
0.000000 0.238852 0.000002
0.000000 0.240623 0.000002
0.000000 0.242413 0.000002
0.000000 0.244186 0.000002
0.000000 0.245978 0.000002
0.000000 0.247788 0.000002
0.000000 0.249556 0.000001
0.000000 0.251368 0.000001
0.000000 0.253159 0.000001
0.000000 0.254962 0.000002
0.000000 0.256746 0.000002
0.000000 0.258543 0.000002
0.000000 0.260349 0.000002
0.000000 0.262153 0.000002
0.000000 0.263970 0.000002
0.000000 0.265771 0.000002
0.000000 0.267558 0.000002
0.000000 0.269406 0.000002
0.000000 0.271203 0.000002
0.000000 0.273019 0.000001
0.000000 0.274836 0.000001
0.000000 0.276671 0.000001
0.000000 0.278481 0.000001
0.000000 0.280299 0.000002
0.000000 0.282145 0.000002
0.000000 0.283955 0.000002
0.000000 0.285779 0.000002
0.000000 0.287614 0.000002
0.000000 0.289464 0.000002
0.000000 0.291304 0.000002
0.000000 0.293126 0.000002
0.000000 0.294967 0.000002
0.000000 0.296822 0.000002
0.000000 0.298661 0.000002
0.000000 0.300498 0.000001
0.000000 0.302337 0.000001
0.000000 0.304208 0.000001
0.000000 0.306063 0.000001
0.000000 0.307906 0.000001
0.000000 0.309772 0.000002
0.000000 0.311612 0.000002
0.000000 0.313489 0.000002
0.000000 0.315345 0.000001
0.000000 0.317208 0.000000
0.000000 0.319072 0.000000
0.000000 0.320945 0.000000
0.000000 0.322818 0.000000
0.000000 0.324668 0.000000
0.000000 0.326541 0.000000
0.000000 0.328429 0.000000
0.000000 0.330298 0.000000
0.000000 0.332188 0.000000
0.000000 0.334067 0.000000
0.000000 0.335937 0.000000
0.000000 0.337822 0.000000
0.000000 0.339716 0.000000
0.000000 0.341600 0.000000
0.000000 0.343483 0.000000
0.000000 0.345376 0.000000
0.000000 0.347274 0.000000
0.000000 0.349165 0.000000
0.000000 0.351062 0.000000
0.000000 0.352958 0.000000
0.000000 0.354869 0.000000
0.000000 0.356762 0.000000
0.000000 0.358648 0.000000
0.000000 0.360553 0.000000
0.000000 0.362468 0.000000
0.000000 0.364372 0.000000
0.000000 0.366296 0.000000
0.000000 0.368200 0.000000
0.000000 0.370104 0.000000
0.000000 0.372018 0.000000
0.000000 0.373950 0.000000
0.000000 0.375862 0.000000
0.000000 0.377782 0.000000
0.000000 0.379703 0.000000
0.000000 0.381629 0.000000
0.000000 0.383558 0.000000
0.000000 0.385472 0.000000
0.000000 0.387403 0.000000
0.000000 0.389340 0.000000
0.000000 0.391278 0.000000
0.000000 0.393200 0.000000
0.000000 0.395142 0.000000
0.000000 0.397072 0.000000
0.000000 0.399010 0.000000
0.000000 0.400966 0.000000
0.000000 0.402899 0.000000
0.000000 0.404837 0.000000
0.000000 0.406787 0.000000
0.000000 0.408735 0.000000
0.000000 0.410691 0.000000
0.000000 0.412643 0.000000
0.000000 0.414584 0.000000
0.000000 0.416542 0.000000
0.000000 0.418490 0.000000
0.000000 0.420447 0.000000
0.000000 0.422401 0.000000
0.000000 0.424370 0.000000
0.000000 0.426327 0.000000
0.000000 0.428296 0.000000
0.000000 0.430262 0.000000
0.000000 0.432234 0.000000
0.000000 0.434190 0.000000
0.000000 0.436168 0.000000
0.000000 0.438139 0.000000
0.000000 0.440108 0.000000
0.000000 0.442092 0.000000
0.000000 0.444064 0.000000
0.000000 0.446029 0.000000
0.000000 0.448011 0.000000
0.000000 0.449995 0.000000
0.000000 0.451985 0.000000
0.000000 0.453961 0.000000
0.000000 0.455945 0.000000
0.000000 0.457932 0.000000
0.000000 0.459917 0.000000
0.000000 0.461912 0.000000
0.000000 0.463909 0.000000
0.000000 0.465889 0.000000
0.000000 0.467889 0.000000
0.000000 0.469893 0.000000
0.000000 0.471891 0.000000
0.000000 0.473880 0.000000
0.000000 0.475887 0.000000
0.000000 0.477883 0.000000
0.000000 0.479896 0.000000
0.000000 0.481897 0.000000
0.000000 0.483893 0.000000
0.000000 0.485907 0.000000
0.000000 0.487925 0.000000
0.000000 0.489924 0.000000
0.000000 0.491950 0.000000
0.000000 0.493950 0.000000
0.000000 0.495969 0.000000
0.000000 0.497998 0.000000
0.000000 0.500000 0.000000
];
