%  Uniform Perceptual Contrast Colourmap
% 
%  Usage:  map = linear_bmy_10_95_c78_n256
% 
% 
%  Centre for Exploration Targeting
%  The University of Western Australia
%  23-Nov-2014 
% 
function map = linear_bmy_10_95_c78_n256
map = [ ...
0.000000 0.047803 0.488301
0.000000 0.049705 0.495528
0.000000 0.051451 0.502717
0.000000 0.053214 0.509834
0.000000 0.054977 0.516841
0.000000 0.056756 0.523789
0.000000 0.058368 0.530622
0.000000 0.060099 0.537363
0.000000 0.061618 0.544024
0.000000 0.063279 0.550552
0.000000 0.064780 0.556982
0.000000 0.066288 0.563323
0.000000 0.067769 0.569504
0.000000 0.069247 0.575582
0.000000 0.070546 0.581541
0.000000 0.071898 0.587362
0.000000 0.073227 0.593034
0.000000 0.074425 0.598563
0.000000 0.075597 0.603980
0.000000 0.076712 0.609189
0.000000 0.077789 0.614225
0.000000 0.078828 0.619131
0.000000 0.079825 0.623860
0.000000 0.080751 0.628368
0.000000 0.081634 0.632671
0.000000 0.082399 0.636787
0.000000 0.083056 0.640690
0.000000 0.083728 0.644380
0.000000 0.084298 0.647810
0.000000 0.084735 0.650981
0.000000 0.085075 0.653887
0.000000 0.085333 0.656528
0.000000 0.085503 0.658868
0.000000 0.085575 0.660909
0.000000 0.085538 0.662631
0.000000 0.085387 0.663995
0.041146 0.085117 0.664985
0.082348 0.084719 0.665587
0.112947 0.084153 0.665763
0.138873 0.083348 0.665486
0.162243 0.082450 0.664719
0.183889 0.081312 0.663447
0.204438 0.079918 0.661605
0.224100 0.078308 0.659162
0.243231 0.076464 0.656085
0.261892 0.074387 0.652343
0.279687 0.072084 0.648271
0.296338 0.069818 0.644209
0.311963 0.067486 0.640237
0.326754 0.065157 0.636340
0.340811 0.062906 0.632522
0.354210 0.060546 0.628796
0.367051 0.058179 0.625150
0.379398 0.055931 0.621583
0.391313 0.053560 0.618104
0.402815 0.051267 0.614701
0.413965 0.049057 0.611396
0.424794 0.046684 0.608167
0.435330 0.044376 0.605009
0.445579 0.042108 0.601934
0.455597 0.039763 0.598949
0.465370 0.037486 0.596043
0.474956 0.035294 0.593221
0.484320 0.032963 0.590467
0.493517 0.030903 0.587800
0.502540 0.028926 0.585227
0.511405 0.027022 0.582717
0.520121 0.025191 0.580299
0.528716 0.023430 0.577944
0.537168 0.021744 0.575692
0.545492 0.020131 0.573507
0.553701 0.018589 0.571400
0.561817 0.017116 0.569372
0.569815 0.015713 0.567432
0.577724 0.014383 0.565559
0.585559 0.013108 0.563779
0.593314 0.011906 0.562022
0.601022 0.010448 0.560263
0.608705 0.009273 0.558492
0.616336 0.008061 0.556734
0.623940 0.006864 0.554958
0.631504 0.005672 0.553174
0.639036 0.004485 0.551396
0.646541 0.003303 0.549605
0.654014 0.002124 0.547806
0.661463 0.000949 0.546007
0.668883 0.000000 0.544191
0.676276 0.000000 0.542377
0.683644 0.000000 0.540552
0.690989 0.000000 0.538728
0.698316 0.000000 0.536894
0.705624 0.000000 0.535043
0.712905 0.000000 0.533193
0.720175 0.000000 0.531339
0.727422 0.000000 0.529481
0.734657 0.000000 0.527606
0.741867 0.000000 0.525732
0.749064 0.000000 0.523848
0.756252 0.000000 0.521949
0.763420 0.000000 0.520053
0.770580 0.000000 0.518159
0.777726 0.000000 0.516236
0.784858 0.000000 0.514329
0.791975 0.000000 0.512394
0.799089 0.000000 0.510460
0.806181 0.000000 0.508528
0.813218 0.000000 0.506559
0.820169 0.000000 0.504591
0.827033 0.000000 0.502581
0.833805 0.000000 0.500562
0.840484 0.000000 0.498527
0.847064 0.000000 0.496445
0.853554 0.000000 0.494367
0.859964 0.000000 0.492249
0.866278 0.000000 0.490114
0.872504 0.000000 0.487963
0.878632 0.002596 0.485768
0.884676 0.009059 0.483559
0.890630 0.016464 0.481329
0.896501 0.024452 0.479077
0.902276 0.033265 0.476794
0.907963 0.042948 0.474490
0.913559 0.052352 0.472158
0.919065 0.061335 0.469801
0.924489 0.070106 0.467411
0.929823 0.078570 0.464994
0.935064 0.086993 0.462548
0.940223 0.095176 0.460081
0.945293 0.103222 0.457588
0.950271 0.111186 0.455072
0.955160 0.119074 0.452521
0.959959 0.126868 0.449931
0.964670 0.134675 0.447312
0.969299 0.142354 0.444681
0.973834 0.150036 0.442008
0.978271 0.157661 0.439291
0.982603 0.165318 0.436565
0.986801 0.173080 0.433797
0.990856 0.180893 0.431029
0.994766 0.188821 0.428222
0.998540 0.196806 0.425392
1.000000 0.204810 0.422524
1.000000 0.212855 0.419653
1.000000 0.220995 0.416742
1.000000 0.229143 0.413799
1.000000 0.237360 0.410835
1.000000 0.245548 0.407830
1.000000 0.253815 0.404795
1.000000 0.262095 0.401733
1.000000 0.270426 0.398644
1.000000 0.278752 0.395522
1.000000 0.287082 0.392351
1.000000 0.295455 0.389158
1.000000 0.303850 0.385910
1.000000 0.312254 0.382641
1.000000 0.320700 0.379328
1.000000 0.329129 0.375977
1.000000 0.337565 0.372572
1.000000 0.346019 0.369139
1.000000 0.354506 0.365650
1.000000 0.362971 0.362121
1.000000 0.371450 0.358530
1.000000 0.379953 0.354917
1.000000 0.388461 0.351225
1.000000 0.396959 0.347492
1.000000 0.405468 0.343688
1.000000 0.413899 0.339862
1.000000 0.422203 0.335974
1.000000 0.430400 0.332065
1.000000 0.438467 0.328101
1.000000 0.446426 0.324098
1.000000 0.454286 0.320069
1.000000 0.462036 0.315980
1.000000 0.469707 0.311816
1.000000 0.477272 0.307629
1.000000 0.484758 0.303386
1.000000 0.492175 0.299102
1.000000 0.499502 0.294728
1.000000 0.506770 0.290304
1.000000 0.513973 0.285812
1.000000 0.521096 0.281260
1.000000 0.528161 0.276647
1.000000 0.535166 0.271914
1.000000 0.542117 0.267128
1.000000 0.549017 0.262264
1.000000 0.555846 0.257297
1.000000 0.562652 0.252232
1.000000 0.569385 0.247051
1.000000 0.576095 0.241772
1.000000 0.582735 0.236370
1.000000 0.589342 0.230821
1.000000 0.595915 0.225133
1.000000 0.602440 0.219325
1.000000 0.608927 0.213328
1.000000 0.615364 0.207186
1.000000 0.621790 0.200847
1.000000 0.628137 0.194733
1.000000 0.634375 0.188980
1.000000 0.640517 0.183626
1.000000 0.646584 0.178656
1.000000 0.652577 0.173952
1.000000 0.658514 0.169555
1.000000 0.664394 0.165322
1.000000 0.670232 0.161405
1.000000 0.676009 0.157629
1.000000 0.681743 0.154104
1.000000 0.687450 0.150747
1.000000 0.693121 0.147539
1.000000 0.698748 0.144493
1.000000 0.704351 0.141626
1.000000 0.709928 0.138862
1.000000 0.715478 0.136227
1.000000 0.720991 0.133823
1.000000 0.726492 0.131500
1.000000 0.731971 0.129281
1.000000 0.737421 0.127223
1.000000 0.742862 0.125300
1.000000 0.748275 0.123474
1.000000 0.753669 0.121800
1.000000 0.759050 0.120249
1.000000 0.764416 0.118875
1.000000 0.769765 0.117509
1.000000 0.775098 0.116387
1.000000 0.780421 0.115285
1.000000 0.785732 0.114336
1.000000 0.791025 0.113574
1.000000 0.796307 0.112889
1.000000 0.801580 0.112301
1.000000 0.806845 0.111835
1.000000 0.812092 0.111500
1.000000 0.817332 0.111266
1.000000 0.822566 0.111163
1.000000 0.827784 0.111157
1.000000 0.832998 0.111279
1.000000 0.838205 0.111498
1.000000 0.843398 0.111832
1.000000 0.848589 0.112273
1.000000 0.853768 0.112821
1.000000 0.858944 0.113471
1.000000 0.864117 0.114143
1.000000 0.869275 0.114999
1.000000 0.874429 0.115945
1.000000 0.879576 0.116974
1.000000 0.884723 0.118086
1.000000 0.889857 0.119295
1.000000 0.894993 0.120541
1.000000 0.900118 0.121898
1.000000 0.905242 0.123349
1.000000 0.910360 0.124859
1.000000 0.915465 0.126488
1.000000 0.920575 0.128121
1.000000 0.925687 0.129896
1.000000 0.930790 0.131654
1.000000 0.935880 0.133493
1.000000 0.940970 0.135406
1.000000 0.946060 0.137351
];
