%  Uniform Perceptual Contrast Colourmap
% 
%  Usage:  map = cyclic_mygbm_30_95_c78_n256_s25
% 
% 
%  Centre for Exploration Targeting
%  The University of Western Australia
%  23-Nov-2014 
% 
function map = cyclic_mygbm_30_95_c78_n256_s25
map = [ ...
0.180618 0.132437 0.918560
0.191735 0.124462 0.923961
0.203887 0.117652 0.928885
0.216808 0.112135 0.933354
0.230285 0.107942 0.937390
0.244173 0.105248 0.941008
0.258283 0.104034 0.944254
0.272456 0.104173 0.947160
0.286585 0.105597 0.949767
0.300591 0.108073 0.952118
0.314397 0.111532 0.954258
0.327961 0.115651 0.956218
0.341257 0.120310 0.958033
0.354259 0.125435 0.959731
0.366979 0.130836 0.961339
0.379418 0.136365 0.962880
0.391595 0.142096 0.964362
0.403518 0.147862 0.965807
0.415202 0.153628 0.967221
0.426686 0.159414 0.968604
0.437993 0.165152 0.969962
0.449134 0.170885 0.971293
0.460135 0.176498 0.972606
0.471061 0.182036 0.973886
0.481915 0.187511 0.975137
0.492732 0.192804 0.976352
0.503569 0.197982 0.977523
0.514456 0.203022 0.978633
0.525406 0.207899 0.979689
0.536474 0.212587 0.980667
0.547669 0.217088 0.981567
0.559028 0.221368 0.982381
0.570568 0.225422 0.983096
0.582302 0.229249 0.983716
0.594235 0.232843 0.984237
0.606358 0.236227 0.984653
0.618678 0.239354 0.984965
0.631160 0.242265 0.985178
0.643789 0.244961 0.985296
0.656562 0.247499 0.985325
0.669430 0.249819 0.985273
0.682370 0.252030 0.985147
0.695371 0.254083 0.984956
0.708386 0.256007 0.984709
0.721386 0.257863 0.984407
0.734366 0.259680 0.984054
0.747284 0.261432 0.983653
0.760121 0.263191 0.983207
0.772859 0.264941 0.982712
0.785479 0.266761 0.982159
0.797943 0.268669 0.981533
0.810234 0.270687 0.980822
0.822330 0.272847 0.980006
0.834182 0.275246 0.979052
0.845756 0.277908 0.977932
0.857023 0.280889 0.976608
0.867940 0.284304 0.975035
0.878448 0.288192 0.973174
0.888519 0.292629 0.970965
0.898101 0.297682 0.968371
0.907167 0.303395 0.965334
0.915672 0.309845 0.961820
0.923611 0.316999 0.957797
0.930949 0.324889 0.953227
0.937688 0.333524 0.948091
0.943832 0.342828 0.942393
0.949390 0.352750 0.936128
0.954392 0.363232 0.929311
0.958860 0.374216 0.921979
0.962829 0.385575 0.914155
0.966340 0.397272 0.905883
0.969436 0.409209 0.897208
0.972159 0.421299 0.888172
0.974539 0.433497 0.878829
0.976626 0.445734 0.869226
0.978446 0.457972 0.859397
0.980040 0.470168 0.849387
0.981421 0.482281 0.839222
0.982617 0.494300 0.828938
0.983645 0.506196 0.818543
0.984527 0.517989 0.808076
0.985266 0.529642 0.797533
0.985878 0.541157 0.786940
0.986372 0.552554 0.776288
0.986756 0.563819 0.765594
0.987036 0.574940 0.754857
0.987225 0.585954 0.744073
0.987329 0.596830 0.733261
0.987359 0.607585 0.722406
0.987323 0.618208 0.711527
0.987233 0.628715 0.700603
0.987102 0.639094 0.689645
0.986942 0.649357 0.678645
0.986769 0.659488 0.667616
0.986595 0.669503 0.656545
0.986436 0.679384 0.645426
0.986305 0.689155 0.634284
0.986211 0.698787 0.623088
0.986165 0.708312 0.611844
0.986172 0.717716 0.600553
0.986236 0.727001 0.589203
0.986356 0.736180 0.577794
0.986531 0.745264 0.566320
0.986753 0.754257 0.554758
0.987015 0.763154 0.543105
0.987306 0.771982 0.531342
0.987613 0.780738 0.519460
0.987915 0.789439 0.507436
0.988199 0.798073 0.495260
0.988446 0.806659 0.482912
0.988635 0.815182 0.470388
0.988746 0.823650 0.457646
0.988752 0.832060 0.444700
0.988628 0.840393 0.431506
0.988343 0.848634 0.418045
0.987865 0.856767 0.404327
0.987155 0.864764 0.390333
0.986163 0.872591 0.376069
0.984851 0.880197 0.361516
0.983160 0.887543 0.346700
0.981048 0.894578 0.331631
0.978455 0.901226 0.316372
0.975339 0.907443 0.300918
0.971656 0.913155 0.285373
0.967365 0.918306 0.269826
0.962437 0.922845 0.254315
0.956863 0.926719 0.238952
0.950639 0.929902 0.223876
0.943771 0.932362 0.209203
0.936285 0.934099 0.195058
0.928203 0.935119 0.181532
0.919585 0.935443 0.168836
0.910473 0.935102 0.156970
0.900913 0.934145 0.146103
0.890971 0.932627 0.136225
0.880697 0.930612 0.127473
0.870144 0.928148 0.119769
0.859367 0.925314 0.113150
0.848400 0.922162 0.107415
0.837288 0.918740 0.102569
0.826051 0.915112 0.098502
0.814723 0.911316 0.095091
0.803324 0.907388 0.092162
0.791866 0.903355 0.089659
0.780359 0.899246 0.087518
0.768811 0.895079 0.085510
0.757233 0.890864 0.083837
0.745619 0.886624 0.082243
0.733976 0.882352 0.080673
0.722295 0.878067 0.079194
0.710601 0.873765 0.077792
0.698863 0.869457 0.076415
0.687099 0.865139 0.075063
0.675294 0.860818 0.073757
0.663455 0.856488 0.072319
0.651565 0.852155 0.071005
0.639628 0.847804 0.069678
0.627641 0.843452 0.068313
0.615598 0.839095 0.066946
0.603505 0.834729 0.065602
0.591341 0.830355 0.064284
0.579114 0.825970 0.063016
0.566812 0.821583 0.061599
0.554426 0.817184 0.060374
0.541951 0.812777 0.059088
0.529396 0.808369 0.057695
0.516724 0.803948 0.056522
0.503949 0.799524 0.055189
0.491057 0.795083 0.053903
0.478012 0.790640 0.052644
0.464840 0.786193 0.051424
0.451514 0.781731 0.050257
0.438032 0.777261 0.049220
0.424375 0.772770 0.048120
0.410564 0.768269 0.047322
0.396557 0.763754 0.046740
0.382394 0.759216 0.046427
0.368078 0.754661 0.046596
0.353614 0.750060 0.047299
0.339062 0.745430 0.048740
0.324426 0.740751 0.050897
0.309837 0.736016 0.054069
0.295322 0.731217 0.058336
0.281049 0.726343 0.063783
0.267165 0.721371 0.070322
0.253870 0.716308 0.077992
0.241338 0.711121 0.086870
0.229810 0.705805 0.096608
0.219614 0.700353 0.107413
0.210918 0.694751 0.118989
0.203999 0.689009 0.131291
0.198943 0.683096 0.144224
0.195928 0.677034 0.157682
0.194864 0.670809 0.171614
0.195597 0.664426 0.185943
0.197953 0.657910 0.200497
0.201632 0.651248 0.215333
0.206391 0.644457 0.230304
0.211828 0.637562 0.245381
0.217714 0.630567 0.260517
0.223814 0.623480 0.275653
0.229923 0.616316 0.290713
0.235925 0.609097 0.305738
0.241618 0.601816 0.320644
0.246935 0.594504 0.335432
0.251836 0.587158 0.350083
0.256216 0.579800 0.364592
0.260111 0.572415 0.378970
0.263461 0.565010 0.393203
0.266243 0.557617 0.407304
0.268465 0.550209 0.421268
0.270134 0.542804 0.435128
0.271218 0.535387 0.448859
0.271734 0.527982 0.462471
0.271701 0.520573 0.476000
0.271122 0.513171 0.489416
0.269969 0.505756 0.502754
0.268234 0.498366 0.516003
0.265977 0.490956 0.529190
0.263162 0.483520 0.542278
0.259815 0.476095 0.555286
0.255941 0.468642 0.568216
0.251617 0.461165 0.581055
0.246802 0.453652 0.593797
0.241605 0.446094 0.606425
0.236047 0.438486 0.618943
0.230168 0.430809 0.631314
0.224104 0.423032 0.643534
0.217927 0.415169 0.655603
0.211702 0.407184 0.667494
0.205504 0.399058 0.679192
0.199449 0.390795 0.690701
0.193673 0.382343 0.702012
0.188179 0.373723 0.713124
0.182998 0.364881 0.724042
0.178289 0.355845 0.734770
0.173922 0.346566 0.745302
0.169985 0.337070 0.755664
0.166387 0.327320 0.765861
0.163120 0.317346 0.775902
0.160049 0.307119 0.785807
0.157238 0.296666 0.795575
0.154570 0.285952 0.805220
0.152024 0.275051 0.814744
0.149664 0.263945 0.824140
0.147444 0.252636 0.833404
0.145543 0.241182 0.842515
0.144017 0.229604 0.851446
0.143121 0.217998 0.860186
0.143053 0.206386 0.868690
0.144045 0.194808 0.876912
0.146305 0.183361 0.884837
0.150065 0.172187 0.892412
0.155365 0.161400 0.899600
0.162302 0.151032 0.906369
0.170751 0.141359 0.912696
];
