%  Uniform Perceptual Contrast Colourmap
% 
%  Usage:  map = diverging_linear_bjy_30_90_c45_n256
% 
% 
%  Centre for Exploration Targeting
%  The University of Western Australia
%  23-Nov-2014 
% 
function map = diverging_linear_bjy_30_90_c45_n256
map = [ ...
0.077854 0.193434 0.758268
0.095213 0.196286 0.756899
0.110071 0.199096 0.755533
0.123169 0.201942 0.754165
0.135136 0.204807 0.752787
0.146079 0.207651 0.751425
0.156256 0.210493 0.750044
0.165720 0.213331 0.748672
0.174718 0.216212 0.747300
0.183181 0.219046 0.745919
0.191264 0.221884 0.744542
0.198972 0.224721 0.743167
0.206408 0.227604 0.741781
0.213482 0.230440 0.740401
0.220352 0.233290 0.739022
0.226948 0.236174 0.737630
0.233316 0.239017 0.736242
0.239529 0.241884 0.734862
0.245521 0.244723 0.733470
0.251386 0.247608 0.732082
0.257059 0.250450 0.730686
0.262589 0.253330 0.729293
0.267969 0.256179 0.727897
0.273256 0.259069 0.726502
0.278398 0.261923 0.725108
0.283426 0.264783 0.723702
0.288342 0.267642 0.722298
0.293158 0.270547 0.720897
0.297879 0.273413 0.719498
0.302504 0.276292 0.718089
0.307055 0.279164 0.716685
0.311507 0.282038 0.715273
0.315902 0.284897 0.713859
0.320203 0.287777 0.712443
0.324412 0.290661 0.711035
0.328578 0.293540 0.709618
0.332677 0.296434 0.708197
0.336686 0.299324 0.706780
0.340652 0.302190 0.705354
0.344545 0.305094 0.703930
0.348395 0.307970 0.702504
0.352174 0.310880 0.701076
0.355920 0.313767 0.699643
0.359593 0.316658 0.698211
0.363219 0.319553 0.696781
0.366808 0.322454 0.695345
0.370332 0.325334 0.693902
0.373829 0.328242 0.692473
0.377271 0.331132 0.691020
0.380675 0.334053 0.689584
0.384026 0.336952 0.688136
0.387337 0.339863 0.686686
0.390621 0.342771 0.685237
0.393856 0.345663 0.683779
0.397054 0.348581 0.682324
0.400228 0.351488 0.680864
0.403358 0.354406 0.679406
0.406450 0.357329 0.677951
0.409509 0.360227 0.676485
0.412543 0.363146 0.675016
0.415526 0.366075 0.673548
0.418484 0.368994 0.672077
0.421415 0.371905 0.670607
0.424321 0.374836 0.669127
0.427202 0.377761 0.667649
0.430038 0.380694 0.666162
0.432854 0.383621 0.664676
0.435644 0.386539 0.663197
0.438397 0.389477 0.661707
0.441125 0.392409 0.660210
0.443840 0.395351 0.658712
0.446516 0.398287 0.657222
0.449177 0.401228 0.655720
0.451808 0.404160 0.654212
0.454416 0.407102 0.652703
0.456990 0.410054 0.651200
0.459554 0.412999 0.649689
0.462087 0.415936 0.648167
0.464610 0.418884 0.646654
0.467099 0.421828 0.645128
0.469573 0.424791 0.643604
0.472019 0.427746 0.642081
0.474443 0.430697 0.640551
0.476846 0.433643 0.639016
0.479235 0.436612 0.637480
0.481599 0.439568 0.635941
0.483939 0.442536 0.634401
0.486269 0.445488 0.632850
0.488580 0.448460 0.631302
0.490877 0.451427 0.629744
0.493131 0.454398 0.628193
0.495389 0.457359 0.626627
0.497630 0.460325 0.625065
0.499830 0.463298 0.623503
0.502038 0.466278 0.621921
0.504223 0.469265 0.620358
0.506374 0.472239 0.618780
0.508533 0.475222 0.617192
0.510652 0.478194 0.615602
0.512766 0.481174 0.614010
0.514866 0.484158 0.612418
0.516948 0.487153 0.610827
0.519015 0.490137 0.609227
0.521058 0.493121 0.607622
0.523095 0.496112 0.606001
0.525109 0.499110 0.604398
0.527116 0.502108 0.602775
0.529106 0.505100 0.601151
0.531072 0.508108 0.599530
0.533031 0.511097 0.597893
0.534973 0.514109 0.596260
0.536910 0.517111 0.594620
0.538822 0.520104 0.592981
0.540719 0.523121 0.591328
0.542610 0.526129 0.589669
0.544480 0.529142 0.588011
0.546345 0.532150 0.586355
0.548190 0.535158 0.584688
0.550019 0.538182 0.583010
0.551841 0.541187 0.581334
0.553639 0.544210 0.579660
0.555431 0.547229 0.577961
0.557224 0.550253 0.576283
0.558981 0.553270 0.574571
0.560738 0.556295 0.572879
0.562489 0.559327 0.571163
0.564216 0.562363 0.569448
0.565927 0.565379 0.567735
0.568832 0.568090 0.565696
0.572924 0.570471 0.563357
0.576982 0.572868 0.560993
0.581013 0.575253 0.558628
0.585030 0.577643 0.556260
0.589010 0.580050 0.553890
0.592988 0.582444 0.551513
0.596932 0.584856 0.549126
0.600851 0.587258 0.546731
0.604759 0.589669 0.544326
0.608647 0.592096 0.541912
0.612500 0.594509 0.539495
0.616351 0.596936 0.537083
0.620180 0.599362 0.534645
0.623987 0.601786 0.532209
0.627773 0.604226 0.529762
0.631545 0.606658 0.527307
0.635296 0.609102 0.524842
0.639035 0.611540 0.522367
0.642757 0.613979 0.519886
0.646462 0.616437 0.517410
0.650152 0.618894 0.514908
0.653824 0.621341 0.512399
0.657488 0.623807 0.509886
0.661125 0.626262 0.507364
0.664752 0.628732 0.504833
0.668374 0.631200 0.502287
0.671972 0.633672 0.499727
0.675558 0.636146 0.497173
0.679130 0.638621 0.494605
0.682692 0.641097 0.492020
0.686241 0.643582 0.489417
0.689779 0.646070 0.486819
0.693301 0.648561 0.484198
0.696810 0.651055 0.481577
0.700309 0.653547 0.478939
0.703796 0.656053 0.476291
0.707272 0.658548 0.473621
0.710739 0.661052 0.470957
0.714188 0.663566 0.468264
0.717637 0.666070 0.465561
0.721062 0.668587 0.462848
0.724487 0.671101 0.460127
0.727896 0.673619 0.457391
0.731297 0.676140 0.454649
0.734694 0.678663 0.451881
0.738069 0.681185 0.449100
0.741441 0.683718 0.446295
0.744807 0.686253 0.443490
0.748164 0.688792 0.440655
0.751511 0.691323 0.437827
0.754846 0.693862 0.434967
0.758172 0.696412 0.432097
0.761486 0.698952 0.429194
0.764800 0.701501 0.426279
0.768097 0.704055 0.423351
0.771397 0.706613 0.420409
0.774677 0.709170 0.417454
0.777960 0.711727 0.414464
0.781230 0.714283 0.411459
0.784496 0.716855 0.408439
0.787746 0.719419 0.405399
0.790994 0.721982 0.402323
0.794239 0.724559 0.399236
0.797468 0.727131 0.396138
0.800697 0.729711 0.393000
0.803918 0.732292 0.389841
0.807133 0.734873 0.386660
0.810334 0.737453 0.383469
0.813535 0.740045 0.380234
0.816733 0.742633 0.376981
0.819916 0.745220 0.373694
0.823101 0.747819 0.370373
0.826277 0.750413 0.367037
0.829450 0.753006 0.363662
0.832609 0.755613 0.360258
0.835768 0.758218 0.356839
0.838919 0.760822 0.353363
0.842069 0.763427 0.349867
0.845208 0.766041 0.346322
0.848342 0.768649 0.342765
0.851471 0.771271 0.339156
0.854599 0.773882 0.335507
0.857717 0.776508 0.331807
0.860833 0.779126 0.328076
0.863948 0.781755 0.324297
0.867047 0.784383 0.320497
0.870146 0.787011 0.316622
0.873245 0.789639 0.312694
0.876334 0.792272 0.308747
0.879420 0.794907 0.304717
0.882501 0.797543 0.300635
0.885582 0.800188 0.296514
0.888656 0.802826 0.292316
0.891723 0.805469 0.288056
0.894790 0.808119 0.283738
0.897847 0.810765 0.279360
0.900903 0.813415 0.274880
0.903954 0.816074 0.270356
0.907005 0.818723 0.265725
0.910050 0.821384 0.261011
0.913089 0.824041 0.256201
0.916121 0.826706 0.251329
0.919154 0.829372 0.246310
0.922188 0.832037 0.241211
0.925209 0.834703 0.235999
0.928230 0.837375 0.230635
0.931251 0.840048 0.225149
0.934264 0.842720 0.219543
0.937280 0.845393 0.213759
0.940289 0.848071 0.207813
0.943293 0.850750 0.201663
0.946291 0.853432 0.195346
0.949290 0.856120 0.188807
0.952285 0.858804 0.181989
0.955281 0.861494 0.174956
0.958271 0.864188 0.167579
0.961255 0.866875 0.159837
0.964236 0.869570 0.151746
0.967221 0.872270 0.143204
0.970196 0.874965 0.134118
0.973173 0.877666 0.124344
0.976142 0.880367 0.113845
0.979114 0.883071 0.102329
0.982084 0.885780 0.089538
0.985048 0.888488 0.074910
0.988006 0.891196 0.057534
0.990967 0.893909 0.035647
];
