%  Uniform Perceptual Contrast Colourmap
% 
%  Usage:  map = diverging_isoluminant_cjo_70_c25_n256
% 
% 
%  Centre for Exploration Targeting
%  The University of Western Australia
%  23-Nov-2014 
% 
function map = diverging_isoluminant_cjo_70_c25_n256
map = [ ...
0.000000 0.729235 0.990675
0.000000 0.728785 0.988127
0.000000 0.728336 0.985583
0.000000 0.727887 0.983036
0.000000 0.727439 0.980491
0.000000 0.726990 0.977945
0.000000 0.726542 0.975400
0.000000 0.726095 0.972862
0.000000 0.725648 0.970317
0.000000 0.725199 0.967779
0.000000 0.724747 0.965233
0.000000 0.724295 0.962695
0.000000 0.723843 0.960157
0.000000 0.723393 0.957619
0.000000 0.722942 0.955081
0.000000 0.722492 0.952542
0.000000 0.722041 0.950005
0.049824 0.721591 0.947472
0.085906 0.721142 0.944938
0.112295 0.720692 0.942404
0.133753 0.720243 0.939869
0.152192 0.719795 0.937335
0.168586 0.719345 0.934799
0.183392 0.718891 0.932267
0.197022 0.718438 0.929738
0.209628 0.717990 0.927205
0.221443 0.717543 0.924676
0.232559 0.717092 0.922152
0.243075 0.716639 0.919620
0.253102 0.716188 0.917097
0.262656 0.715737 0.914568
0.271789 0.715282 0.912040
0.280579 0.714825 0.909514
0.289063 0.714372 0.906991
0.297226 0.713922 0.904464
0.305115 0.713471 0.901941
0.312744 0.713015 0.899421
0.320173 0.712561 0.896899
0.327352 0.712111 0.894376
0.334366 0.711662 0.891854
0.341172 0.711210 0.889332
0.347813 0.710755 0.886813
0.354284 0.710301 0.884295
0.360596 0.709848 0.881775
0.366791 0.709396 0.879254
0.372825 0.708943 0.876735
0.378743 0.708488 0.874220
0.384531 0.708030 0.871708
0.390205 0.707574 0.869192
0.395783 0.707123 0.866673
0.401243 0.706671 0.864164
0.406598 0.706215 0.861647
0.411859 0.705758 0.859132
0.417037 0.705302 0.856620
0.422106 0.704846 0.854107
0.427119 0.704390 0.851596
0.432041 0.703935 0.849088
0.436873 0.703481 0.846574
0.441638 0.703026 0.844066
0.446323 0.702568 0.841559
0.450949 0.702108 0.839049
0.455503 0.701651 0.836542
0.459987 0.701197 0.834038
0.464427 0.700743 0.831532
0.468786 0.700284 0.829025
0.473083 0.699825 0.826518
0.477339 0.699366 0.824009
0.481534 0.698909 0.821508
0.485672 0.698451 0.818999
0.489760 0.697993 0.816502
0.493804 0.697536 0.813994
0.497803 0.697079 0.811496
0.501740 0.696623 0.808996
0.505623 0.696166 0.806494
0.509483 0.695706 0.803992
0.513290 0.695245 0.801489
0.517058 0.694782 0.798993
0.520774 0.694321 0.796489
0.524457 0.693862 0.793997
0.528098 0.693407 0.791494
0.531704 0.692951 0.789000
0.535265 0.692492 0.786505
0.538802 0.692030 0.784008
0.542292 0.691564 0.781509
0.545753 0.691100 0.779011
0.549177 0.690639 0.776518
0.552565 0.690181 0.774018
0.555912 0.689723 0.771530
0.559244 0.689263 0.769030
0.562546 0.688801 0.766539
0.565799 0.688336 0.764045
0.569032 0.687872 0.761552
0.572242 0.687409 0.759060
0.575416 0.686946 0.756570
0.578558 0.686482 0.754081
0.581676 0.686020 0.751593
0.584772 0.685558 0.749094
0.587830 0.685093 0.746607
0.590871 0.684625 0.744118
0.593887 0.684159 0.741626
0.596877 0.683697 0.739145
0.599839 0.683235 0.736649
0.602775 0.682769 0.734164
0.605685 0.682301 0.731675
0.608589 0.681834 0.729187
0.611452 0.681368 0.726700
0.614291 0.680902 0.724213
0.617122 0.680435 0.721723
0.619928 0.679969 0.719243
0.622704 0.679503 0.716761
0.625465 0.679036 0.714270
0.628212 0.678569 0.711794
0.630937 0.678102 0.709316
0.633643 0.677634 0.706839
0.636336 0.677161 0.704363
0.639008 0.676683 0.701892
0.641671 0.676203 0.699433
0.644325 0.675720 0.696983
0.646979 0.675233 0.694537
0.649623 0.674740 0.692118
0.652261 0.674242 0.689703
0.654898 0.673736 0.687305
0.657555 0.673223 0.684931
0.660203 0.672699 0.682579
0.662871 0.672160 0.680251
0.665543 0.671607 0.677963
0.668237 0.671048 0.675694
0.670941 0.670477 0.673461
0.673661 0.669886 0.671258
0.676400 0.669280 0.669091
0.679149 0.668663 0.666948
0.681916 0.668034 0.664840
0.684698 0.667388 0.662769
0.687492 0.666726 0.660710
0.690289 0.666062 0.658683
0.693099 0.665386 0.656683
0.695905 0.664697 0.654687
0.698705 0.664010 0.652716
0.701510 0.663312 0.650762
0.704312 0.662604 0.648816
0.707107 0.661894 0.646878
0.709892 0.661171 0.644940
0.712662 0.660450 0.643017
0.715435 0.659731 0.641091
0.718184 0.659000 0.639176
0.720923 0.658276 0.637261
0.723654 0.657549 0.635342
0.726373 0.656815 0.633433
0.729076 0.656081 0.631519
0.731769 0.655337 0.629603
0.734450 0.654596 0.627695
0.737114 0.653859 0.625781
0.739772 0.653112 0.623876
0.742410 0.652372 0.621954
0.745035 0.651630 0.620053
0.747656 0.650880 0.618137
0.750257 0.650130 0.616227
0.752846 0.649382 0.614310
0.755433 0.648624 0.612401
0.758003 0.647866 0.610495
0.760561 0.647114 0.608591
0.763104 0.646353 0.606676
0.765645 0.645589 0.604767
0.768164 0.644826 0.602855
0.770683 0.644061 0.600943
0.773182 0.643296 0.599038
0.775677 0.642532 0.597130
0.778162 0.641758 0.595216
0.780632 0.640984 0.593310
0.783094 0.640217 0.591399
0.785549 0.639439 0.589484
0.787988 0.638659 0.587576
0.790421 0.637879 0.585678
0.792846 0.637100 0.583761
0.795257 0.636318 0.581851
0.797660 0.635525 0.579951
0.800059 0.634741 0.578032
0.802439 0.633954 0.576138
0.804817 0.633158 0.574216
0.807185 0.632363 0.572315
0.809543 0.631568 0.570399
0.811891 0.630773 0.568493
0.814228 0.629968 0.566591
0.816564 0.629164 0.564676
0.818881 0.628365 0.562777
0.821199 0.627554 0.560860
0.823504 0.626744 0.558950
0.825802 0.625933 0.557052
0.828091 0.625121 0.555135
0.830376 0.624309 0.553224
0.832647 0.623494 0.551323
0.834914 0.622668 0.549415
0.837173 0.621842 0.547502
0.839423 0.621026 0.545599
0.841665 0.620203 0.543687
0.843895 0.619375 0.541773
0.846122 0.618543 0.539865
0.848343 0.617703 0.537967
0.850554 0.616873 0.536050
0.852764 0.616032 0.534139
0.854961 0.615189 0.532237
0.857147 0.614345 0.530326
0.859332 0.613501 0.528418
0.861509 0.612655 0.526512
0.863682 0.611810 0.524596
0.865841 0.610963 0.522686
0.868000 0.610103 0.520775
0.870141 0.609254 0.518872
0.872290 0.608397 0.516959
0.874422 0.607536 0.515045
0.876549 0.606668 0.513135
0.878673 0.605795 0.511220
0.880789 0.604933 0.509314
0.882898 0.604067 0.507402
0.885004 0.603190 0.505481
0.887100 0.602312 0.503573
0.889192 0.601433 0.501670
0.891275 0.600552 0.499745
0.893352 0.599674 0.497849
0.895428 0.598785 0.495921
0.897496 0.597894 0.494015
0.899557 0.597010 0.492101
0.901609 0.596112 0.490185
0.903658 0.595215 0.488276
0.905704 0.594317 0.486354
0.907742 0.593418 0.484435
0.909772 0.592519 0.482526
0.911797 0.591608 0.480606
0.913820 0.590693 0.478692
0.915829 0.589779 0.476776
0.917845 0.588863 0.474867
0.919846 0.587946 0.472935
0.921847 0.587028 0.471027
0.923841 0.586111 0.469112
0.925828 0.585187 0.467190
0.927807 0.584252 0.465260
0.929788 0.583319 0.463338
0.931759 0.582384 0.461427
0.933725 0.581447 0.459507
0.935692 0.580511 0.457579
0.937650 0.579572 0.455659
0.939603 0.578619 0.453734
0.941548 0.577667 0.451818
0.943493 0.576727 0.449890
0.945432 0.575772 0.447958
0.947365 0.574802 0.446032
0.949291 0.573845 0.444118
0.951217 0.572888 0.442193
0.953138 0.571916 0.440256
0.955051 0.570942 0.438329
0.956958 0.569968 0.436402
0.958866 0.568993 0.434467
0.960768 0.568016 0.432545
0.962662 0.567039 0.430608
0.964551 0.566048 0.428674
0.966440 0.565054 0.426741
];
