%  Uniform Perceptual Contrast Colourmap
% 
%  Usage:  map = diverging_cwm_80_100_c22_n256
% 
% 
%  Centre for Exploration Targeting
%  The University of Western Australia
%  23-Nov-2014 
% 
function map = diverging_cwm_80_100_c22_n256
map = [ ...
0.000000 0.850714 1.000000
0.000000 0.851941 1.000000
0.056211 0.853159 1.000000
0.100291 0.854380 1.000000
0.131679 0.855603 1.000000
0.157115 0.856818 1.000000
0.179018 0.858036 1.000000
0.198457 0.859254 1.000000
0.216153 0.860472 1.000000
0.232414 0.861688 1.000000
0.247584 0.862905 1.000000
0.261829 0.864119 1.000000
0.275321 0.865326 1.000000
0.288134 0.866539 1.000000
0.300395 0.867753 1.000000
0.312148 0.868965 1.000000
0.323487 0.870167 1.000000
0.334426 0.871381 1.000000
0.344993 0.872589 1.000000
0.355262 0.873794 1.000000
0.365212 0.875001 1.000000
0.374914 0.876206 1.000000
0.384368 0.877410 1.000000
0.393601 0.878614 1.000000
0.402625 0.879816 1.000000
0.411458 0.881020 1.000000
0.420113 0.882220 1.000000
0.428599 0.883422 1.000000
0.436930 0.884622 1.000000
0.445107 0.885821 1.000000
0.453148 0.887017 1.000000
0.461056 0.888214 1.000000
0.468849 0.889410 1.000000
0.476516 0.890605 1.000000
0.484071 0.891801 1.000000
0.491541 0.892993 1.000000
0.498889 0.894188 1.000000
0.506141 0.895380 1.000000
0.513319 0.896571 1.000000
0.520397 0.897760 1.000000
0.527405 0.898949 1.000000
0.534325 0.900138 1.000000
0.541170 0.901325 1.000000
0.547952 0.902513 1.000000
0.554657 0.903698 1.000000
0.561294 0.904885 1.000000
0.567871 0.906070 1.000000
0.574380 0.907253 1.000000
0.580840 0.908435 1.000000
0.587236 0.909616 1.000000
0.593584 0.910798 1.000000
0.599876 0.911977 1.000000
0.606109 0.913157 1.000000
0.612301 0.914336 1.000000
0.618452 0.915508 1.000000
0.624547 0.916690 1.000000
0.630603 0.917867 1.000000
0.636613 0.919036 1.000000
0.642578 0.920212 1.000000
0.648502 0.921386 1.000000
0.654390 0.922561 1.000000
0.660242 0.923734 1.000000
0.666056 0.924899 1.000000
0.671834 0.926073 1.000000
0.677584 0.927239 1.000000
0.683289 0.928407 1.000000
0.688971 0.929576 1.000000
0.694606 0.930746 1.000000
0.700225 0.931908 1.000000
0.705811 0.933072 1.000000
0.711369 0.934236 1.000000
0.716897 0.935402 1.000000
0.722387 0.936569 1.000000
0.727862 0.937728 1.000000
0.733310 0.938888 1.000000
0.738732 0.940050 1.000000
0.744124 0.941205 1.000000
0.749490 0.942368 1.000000
0.754846 0.943523 1.000000
0.760166 0.944681 1.000000
0.765471 0.945834 1.000000
0.770749 0.946991 1.000000
0.776004 0.948144 1.000000
0.781242 0.949296 1.000000
0.786462 0.950450 1.000000
0.791652 0.951601 1.000000
0.796827 0.952753 1.000000
0.801985 0.953904 1.000000
0.807128 0.955053 1.000000
0.812244 0.956202 1.000000
0.817346 0.957346 1.000000
0.822435 0.958496 1.000000
0.827499 0.959639 1.000000
0.832550 0.960786 1.000000
0.837588 0.961925 1.000000
0.842606 0.963072 1.000000
0.847603 0.964211 1.000000
0.852597 0.965353 1.000000
0.857563 0.966495 1.000000
0.862527 0.967639 1.000000
0.867465 0.968775 1.000000
0.872396 0.969912 1.000000
0.877306 0.971050 1.000000
0.882208 0.972189 1.000000
0.887097 0.973324 1.000000
0.891973 0.974456 1.000000
0.896836 0.975590 1.000000
0.901682 0.976724 1.000000
0.906520 0.977857 1.000000
0.911344 0.978988 1.000000
0.916154 0.980122 1.000000
0.920954 0.981251 1.000000
0.925747 0.982382 1.000000
0.930527 0.983506 1.000000
0.935291 0.984638 1.000000
0.940051 0.985763 1.000000
0.944797 0.986890 1.000000
0.949529 0.988011 1.000000
0.954256 0.989138 1.000000
0.958971 0.990260 1.000000
0.963674 0.991382 1.000000
0.968372 0.992506 1.000000
0.973059 0.993626 1.000000
0.977733 0.994742 1.000000
0.982404 0.995860 1.000000
0.987251 0.997024 1.000000
0.991200 0.997975 1.000000
0.996849 0.999338 1.000000
0.999882 0.998202 0.999687
0.999905 0.995746 0.999256
0.999926 0.993298 0.998823
0.999943 0.990841 0.998389
0.999957 0.988385 0.997955
0.999968 0.985932 0.997521
0.999976 0.983475 0.997087
0.999981 0.981021 0.996652
0.999983 0.978561 0.996217
0.999982 0.976105 0.995782
0.999977 0.973651 0.995347
0.999970 0.971193 0.994912
0.999960 0.968737 0.994477
0.999947 0.966277 0.994041
0.999930 0.963819 0.993606
0.999911 0.961361 0.993170
0.999889 0.958903 0.992731
0.999863 0.956443 0.992292
0.999835 0.953984 0.991852
0.999804 0.951522 0.991413
0.999770 0.949060 0.990973
0.999732 0.946598 0.990533
0.999692 0.944138 0.990093
0.999649 0.941674 0.989654
0.999603 0.939212 0.989212
0.999554 0.936752 0.988769
0.999502 0.934281 0.988325
0.999446 0.931818 0.987884
0.999388 0.929352 0.987443
0.999327 0.926886 0.987001
0.999263 0.924421 0.986556
0.999196 0.921958 0.986111
0.999126 0.919487 0.985666
0.999054 0.917023 0.985222
0.998978 0.914553 0.984777
0.998899 0.912082 0.984331
0.998817 0.909613 0.983883
0.998733 0.907144 0.983434
0.998645 0.904671 0.982988
0.998555 0.902199 0.982543
0.998461 0.899729 0.982096
0.998365 0.897257 0.981646
0.998266 0.894783 0.981196
0.998164 0.892307 0.980747
0.998059 0.889829 0.980298
0.997952 0.887352 0.979849
0.997841 0.884877 0.979398
0.997728 0.882397 0.978944
0.997612 0.879919 0.978491
0.997493 0.877441 0.978041
0.997372 0.874962 0.977591
0.997247 0.872483 0.977138
0.997120 0.869996 0.976684
0.996990 0.867518 0.976230
0.996858 0.865032 0.975776
0.996722 0.862555 0.975322
0.996584 0.860068 0.974867
0.996443 0.857578 0.974413
0.996299 0.855096 0.973958
0.996152 0.852610 0.973504
0.996003 0.850119 0.973049
0.995851 0.847626 0.972594
0.995696 0.845139 0.972136
0.995539 0.842650 0.971677
0.995379 0.840159 0.971218
0.995216 0.837666 0.970760
0.995050 0.835169 0.970301
0.994882 0.832672 0.969842
0.994711 0.830179 0.969383
0.994537 0.827678 0.968923
0.994361 0.825180 0.968465
0.994182 0.822685 0.968005
0.994001 0.820180 0.967544
0.993817 0.817679 0.967081
0.993630 0.815178 0.966618
0.993441 0.812673 0.966155
0.993248 0.810168 0.965692
0.993053 0.807665 0.965228
0.992854 0.805155 0.964765
0.992653 0.802647 0.964301
0.992449 0.800142 0.963837
0.992242 0.797626 0.963374
0.992032 0.795115 0.962910
0.991821 0.792603 0.962442
0.991606 0.790088 0.961975
0.991389 0.787572 0.961510
0.991170 0.785057 0.961046
0.990947 0.782536 0.960580
0.990723 0.780015 0.960111
0.990495 0.777498 0.959643
0.990266 0.774969 0.959174
0.990034 0.772446 0.958707
0.989799 0.769920 0.958239
0.989562 0.767392 0.957769
0.989321 0.764868 0.957296
0.989077 0.762333 0.956825
0.988830 0.759800 0.956357
0.988581 0.757270 0.955888
0.988329 0.754740 0.955416
0.988076 0.752198 0.954942
0.987821 0.749656 0.954470
0.987564 0.747122 0.953997
0.987304 0.744578 0.953525
0.987041 0.742036 0.953052
0.986774 0.739498 0.952575
0.986504 0.736944 0.952099
0.986232 0.734398 0.951626
0.985958 0.731847 0.951153
0.985681 0.729293 0.950677
0.985403 0.726739 0.950200
0.985122 0.724182 0.949723
0.984838 0.721621 0.949246
0.984552 0.719066 0.948769
0.984262 0.716508 0.948292
0.983969 0.713939 0.947815
0.983673 0.711378 0.947338
0.983375 0.708811 0.946857
0.983076 0.706239 0.946376
0.982776 0.703664 0.945898
0.982473 0.701090 0.945421
0.982167 0.698510 0.944941
0.981857 0.695938 0.944460
0.981544 0.693355 0.943978
0.981229 0.690766 0.943496
0.980912 0.688187 0.943016
0.980592 0.685599 0.942535
0.980271 0.683007 0.942050
0.979948 0.680409 0.941565
];
