%  Uniform Perceptual Contrast Colourmap
% 
%  Usage:  map = diverging_bky_60_10_c30_n256
% 
% 
%  Centre for Exploration Targeting
%  The University of Western Australia
%  23-Nov-2014 
% 
function map = diverging_bky_60_10_c30_n256
map = [ ...
0.000000 0.601284 0.980568
0.000000 0.596977 0.972814
0.000000 0.592673 0.965064
0.000000 0.588360 0.957333
0.000000 0.584069 0.949611
0.000000 0.579787 0.941903
0.000000 0.575501 0.934202
0.000000 0.571218 0.926518
0.000000 0.566954 0.918842
0.000000 0.562691 0.911184
0.000000 0.558418 0.903534
0.000000 0.554173 0.895896
0.000000 0.549926 0.888270
0.000000 0.545687 0.880655
0.000000 0.541442 0.873054
0.000000 0.537226 0.865463
0.000000 0.532997 0.857887
0.000000 0.528786 0.850324
0.000000 0.524569 0.842774
0.000000 0.520360 0.835234
0.000000 0.516160 0.827705
0.000000 0.511972 0.820190
0.000000 0.507795 0.812690
0.000000 0.503608 0.805202
0.000000 0.499432 0.797727
0.000000 0.495274 0.790266
0.000000 0.491124 0.782816
0.000000 0.486961 0.775379
0.000000 0.482811 0.767955
0.000000 0.478672 0.760550
0.000000 0.474544 0.753148
0.000000 0.470416 0.745768
0.000000 0.466290 0.738398
0.000000 0.462177 0.731040
0.000000 0.458069 0.723698
0.000000 0.453972 0.716376
0.000000 0.449879 0.709061
0.000000 0.445784 0.701750
0.000000 0.441717 0.694462
0.000000 0.437647 0.687194
0.000000 0.433566 0.679930
0.000000 0.429514 0.672694
0.000000 0.425464 0.665458
0.000000 0.421410 0.658243
0.000000 0.417385 0.651040
0.000000 0.413352 0.643847
0.000000 0.409325 0.636682
0.000000 0.405309 0.629515
0.000000 0.401303 0.622371
0.009221 0.397293 0.615241
0.020211 0.393299 0.608136
0.030682 0.389317 0.601029
0.041020 0.385328 0.593947
0.050020 0.381369 0.586875
0.057771 0.377399 0.579829
0.064746 0.373440 0.572790
0.070946 0.369489 0.565758
0.076471 0.365549 0.558749
0.081647 0.361618 0.551768
0.086243 0.357699 0.544789
0.090585 0.353763 0.537834
0.094584 0.349861 0.530884
0.098252 0.345945 0.523957
0.101641 0.342062 0.517049
0.104794 0.338164 0.510147
0.107790 0.334300 0.503263
0.110598 0.330419 0.496400
0.113197 0.326546 0.489556
0.115577 0.322710 0.482732
0.117831 0.318853 0.475924
0.119915 0.315008 0.469134
0.121857 0.311186 0.462344
0.123694 0.307352 0.455588
0.125433 0.303538 0.448851
0.126983 0.299743 0.442127
0.128479 0.295939 0.435418
0.129867 0.292155 0.428721
0.131110 0.288372 0.422041
0.132261 0.284596 0.415393
0.133320 0.280826 0.408758
0.134305 0.277094 0.402132
0.135175 0.273352 0.395548
0.135929 0.269620 0.388968
0.136660 0.265890 0.382397
0.137324 0.262165 0.375861
0.137891 0.258452 0.369338
0.138361 0.254773 0.362831
0.138751 0.251076 0.356356
0.139072 0.247392 0.349890
0.139330 0.243703 0.343444
0.139528 0.240046 0.337020
0.139665 0.236416 0.330608
0.139739 0.232756 0.324222
0.139750 0.229130 0.317864
0.139699 0.225510 0.311514
0.139588 0.221886 0.305205
0.139422 0.218296 0.298902
0.139204 0.214692 0.292613
0.138936 0.211120 0.286347
0.138617 0.207549 0.280119
0.138243 0.204002 0.273916
0.137808 0.200410 0.267699
0.137301 0.196908 0.261548
0.136729 0.193366 0.255408
0.136111 0.189840 0.249274
0.135487 0.186339 0.243162
0.134829 0.182820 0.237114
0.134082 0.179350 0.231042
0.133294 0.175859 0.224990
0.132480 0.172424 0.219011
0.131632 0.169027 0.213024
0.130773 0.165578 0.207117
0.129883 0.162253 0.201195
0.128934 0.158920 0.195368
0.128067 0.155648 0.189589
0.127149 0.152415 0.183871
0.126342 0.149320 0.178275
0.125561 0.146284 0.172720
0.124832 0.143401 0.167343
0.124229 0.140670 0.162100
0.123764 0.138113 0.157001
0.123467 0.135710 0.152119
0.123367 0.133627 0.147507
0.123491 0.131781 0.143125
0.123867 0.130260 0.139016
0.124518 0.128970 0.135263
0.125480 0.128108 0.131829
0.126693 0.127544 0.128718
0.128263 0.127350 0.126019
0.130149 0.127535 0.123596
0.132283 0.128084 0.121571
0.134758 0.128919 0.119911
0.137489 0.130161 0.118600
0.140467 0.131613 0.117500
0.143691 0.133360 0.116734
0.147113 0.135342 0.116213
0.150723 0.137566 0.115874
0.154482 0.139893 0.115715
0.158401 0.142454 0.115712
0.162397 0.145133 0.115838
0.166471 0.147870 0.116061
0.170615 0.150701 0.116352
0.174832 0.153594 0.116683
0.179064 0.156585 0.117050
0.183321 0.159549 0.117466
0.187655 0.162611 0.117928
0.191935 0.165629 0.118394
0.196283 0.168741 0.118836
0.200582 0.171816 0.119267
0.204950 0.174945 0.119708
0.209296 0.178078 0.120148
0.213651 0.181161 0.120581
0.218015 0.184313 0.121006
0.222373 0.187482 0.121423
0.226750 0.190608 0.121835
0.231121 0.193791 0.122239
0.235506 0.196965 0.122636
0.239871 0.200107 0.123026
0.244248 0.203320 0.123409
0.248672 0.206539 0.123784
0.253063 0.209717 0.124151
0.257465 0.212921 0.124508
0.261879 0.216175 0.124859
0.266303 0.219390 0.125205
0.270736 0.222629 0.125546
0.275157 0.225882 0.125873
0.279601 0.229123 0.126178
0.284032 0.232387 0.126462
0.288486 0.235664 0.126735
0.292940 0.238922 0.127005
0.297415 0.242211 0.127281
0.301871 0.245491 0.127558
0.306373 0.248815 0.127825
0.310858 0.252118 0.128074
0.315341 0.255432 0.128303
0.319846 0.258752 0.128517
0.324339 0.262076 0.128720
0.328866 0.265410 0.128918
0.333387 0.268767 0.129113
0.337902 0.272090 0.129305
0.342448 0.275477 0.129491
0.346991 0.278837 0.129666
0.351529 0.282213 0.129830
0.356094 0.285567 0.129980
0.360639 0.288972 0.130116
0.365218 0.292356 0.130238
0.369793 0.295753 0.130348
0.374389 0.299173 0.130446
0.378972 0.302566 0.130533
0.383577 0.306013 0.130608
0.388177 0.309438 0.130672
0.392788 0.312853 0.130725
0.397410 0.316307 0.130768
0.402030 0.319751 0.130799
0.406676 0.323203 0.130819
0.411315 0.326649 0.130827
0.415965 0.330129 0.130824
0.420617 0.333603 0.130810
0.425290 0.337079 0.130784
0.429957 0.340563 0.130746
0.434635 0.344042 0.130695
0.439315 0.347557 0.130633
0.444016 0.351060 0.130558
0.448715 0.354570 0.130471
0.453414 0.358083 0.130370
0.458126 0.361604 0.130254
0.462840 0.365126 0.130124
0.467578 0.368670 0.129976
0.472314 0.372198 0.129810
0.477051 0.375749 0.129627
0.481802 0.379302 0.129429
0.486554 0.382863 0.129218
0.491328 0.386418 0.128998
0.496079 0.389989 0.128774
0.500863 0.393569 0.128542
0.505635 0.397148 0.128296
0.510432 0.400754 0.128026
0.515228 0.404331 0.127726
0.520028 0.407934 0.127403
0.524844 0.411536 0.127072
0.529664 0.415149 0.126745
0.534484 0.418763 0.126413
0.539312 0.422381 0.126058
0.544153 0.426011 0.125666
0.549001 0.429650 0.125245
0.553845 0.433285 0.124809
0.558698 0.436937 0.124361
0.563574 0.440577 0.123897
0.568436 0.444245 0.123414
0.573320 0.447891 0.122914
0.578196 0.451567 0.122397
0.583088 0.455239 0.121862
0.587983 0.458915 0.121309
0.592897 0.462588 0.120740
0.597801 0.466280 0.120150
0.602719 0.469981 0.119541
0.607649 0.473667 0.118927
0.612569 0.477375 0.118276
0.617508 0.481079 0.117550
0.622449 0.484792 0.116850
0.627401 0.488520 0.116147
0.632358 0.492240 0.115356
0.637321 0.495965 0.114544
0.642290 0.499697 0.113783
0.647264 0.503438 0.112978
0.652245 0.507188 0.112101
0.657236 0.510935 0.111213
0.662231 0.514696 0.110307
0.667225 0.518458 0.109363
0.672234 0.522211 0.108320
0.677250 0.525989 0.107358
0.682260 0.529764 0.106343
0.687288 0.533535 0.105206
0.692325 0.537331 0.104115
0.697354 0.541110 0.103000
0.702399 0.544909 0.101796
];
