%  Uniform Perceptual Contrast Colourmap
% 
%  Usage:  map = diverging_linear_bjr_30_55_c53_n256
% 
% 
%  Centre for Exploration Targeting
%  The University of Western Australia
%  23-Nov-2014 
% 
function map = diverging_linear_bjr_30_55_c53_n256
map = [ ...
0.000000 0.185211 0.856424
0.000000 0.186815 0.852712
0.000000 0.188459 0.848997
0.000000 0.190067 0.845284
0.000000 0.191693 0.841577
0.000000 0.193335 0.837871
0.000000 0.194972 0.834167
0.000000 0.196618 0.830462
0.000000 0.198222 0.826762
0.000000 0.199846 0.823061
0.000000 0.201486 0.819360
0.000000 0.203140 0.815671
0.000000 0.204787 0.811977
0.000000 0.206446 0.808287
0.000000 0.208063 0.804598
0.000000 0.209700 0.800910
0.000000 0.211353 0.797223
0.000000 0.212975 0.793547
0.024140 0.214626 0.789862
0.051750 0.216296 0.786186
0.072802 0.217924 0.782506
0.089678 0.219571 0.778830
0.104019 0.221222 0.775155
0.116645 0.222868 0.771489
0.127970 0.224480 0.767814
0.138292 0.226165 0.764149
0.147782 0.227805 0.760485
0.156613 0.229432 0.756820
0.164840 0.231098 0.753155
0.172600 0.232733 0.749494
0.179929 0.234397 0.745839
0.186884 0.236044 0.742185
0.193500 0.237697 0.738530
0.199776 0.239332 0.734880
0.205834 0.240971 0.731224
0.211611 0.242617 0.727576
0.217148 0.244258 0.723928
0.222472 0.245911 0.720283
0.227608 0.247578 0.716644
0.232549 0.249218 0.712995
0.237346 0.250868 0.709361
0.241944 0.252518 0.705719
0.246397 0.254169 0.702078
0.250724 0.255803 0.698443
0.254932 0.257456 0.694809
0.258988 0.259117 0.691176
0.262922 0.260750 0.687549
0.266741 0.262398 0.683916
0.270476 0.264055 0.680287
0.274078 0.265695 0.676669
0.277594 0.267319 0.673045
0.280994 0.268996 0.669421
0.284329 0.270641 0.665797
0.287567 0.272257 0.662182
0.290728 0.273923 0.658556
0.293799 0.275575 0.654936
0.296812 0.277210 0.651327
0.299730 0.278856 0.647707
0.302564 0.280477 0.644092
0.305363 0.282145 0.640485
0.308058 0.283774 0.636877
0.310722 0.285406 0.633265
0.313294 0.287049 0.629652
0.315821 0.288704 0.626046
0.318269 0.290332 0.622438
0.320681 0.291986 0.618843
0.323021 0.293615 0.615228
0.325291 0.295255 0.611630
0.327530 0.296909 0.608032
0.329729 0.298535 0.604430
0.331848 0.300173 0.600824
0.333936 0.301803 0.597230
0.335959 0.303443 0.593629
0.337940 0.305093 0.590026
0.339891 0.306730 0.586435
0.341777 0.308360 0.582835
0.343620 0.310005 0.579247
0.345425 0.311619 0.575654
0.347197 0.313265 0.572055
0.348909 0.314888 0.568458
0.350596 0.316534 0.564863
0.352219 0.318161 0.561274
0.353816 0.319799 0.557685
0.355395 0.321420 0.554092
0.356913 0.323061 0.550501
0.358386 0.324676 0.546911
0.359838 0.326303 0.543320
0.361246 0.327939 0.539722
0.362624 0.329582 0.536136
0.363963 0.331186 0.532550
0.365272 0.332837 0.528961
0.366554 0.334461 0.525364
0.367782 0.336072 0.521765
0.368999 0.337701 0.518185
0.370164 0.339337 0.514592
0.371305 0.340952 0.510992
0.372418 0.342581 0.507404
0.373504 0.344186 0.503810
0.374560 0.345809 0.500210
0.375570 0.347448 0.496613
0.376573 0.349062 0.493017
0.377526 0.350690 0.489421
0.378456 0.352295 0.485826
0.379358 0.353912 0.482234
0.380236 0.355547 0.478629
0.381089 0.357165 0.475037
0.381896 0.358762 0.471431
0.382690 0.360379 0.467820
0.383461 0.362007 0.464225
0.384191 0.363613 0.460600
0.384898 0.365230 0.456995
0.385581 0.366849 0.453384
0.386239 0.368465 0.449773
0.386873 0.370066 0.446151
0.387481 0.371676 0.442543
0.388067 0.373292 0.438908
0.388630 0.374904 0.435298
0.389163 0.376524 0.431673
0.389662 0.378124 0.428037
0.390143 0.379732 0.424399
0.390609 0.381348 0.420758
0.391050 0.382952 0.417130
0.391460 0.384551 0.413482
0.391843 0.386153 0.409836
0.392204 0.387762 0.406185
0.392543 0.389373 0.402516
0.392861 0.390982 0.398858
0.393155 0.392577 0.395198
0.396706 0.393134 0.392173
0.403477 0.392637 0.389795
0.410149 0.392128 0.387421
0.416727 0.391611 0.385046
0.423218 0.391078 0.382676
0.429648 0.390523 0.380303
0.436001 0.389956 0.377923
0.442285 0.389390 0.375541
0.448492 0.388807 0.373163
0.454645 0.388201 0.370779
0.460720 0.387582 0.368410
0.466759 0.386953 0.366027
0.472727 0.386311 0.363634
0.478650 0.385656 0.361251
0.484515 0.384988 0.358860
0.490345 0.384308 0.356487
0.496109 0.383618 0.354088
0.501849 0.382903 0.351696
0.507534 0.382167 0.349312
0.513176 0.381437 0.346924
0.518787 0.380680 0.344517
0.524346 0.379901 0.342130
0.529878 0.379113 0.339737
0.535365 0.378309 0.337332
0.540827 0.377492 0.334940
0.546261 0.376664 0.332535
0.551651 0.375803 0.330122
0.557017 0.374935 0.327704
0.562352 0.374058 0.325289
0.567650 0.373146 0.322896
0.572930 0.372225 0.320486
0.578170 0.371288 0.318057
0.583396 0.370336 0.315646
0.588591 0.369370 0.313218
0.593773 0.368386 0.310804
0.598924 0.367368 0.308367
0.604057 0.366356 0.305952
0.609163 0.365301 0.303496
0.614237 0.364236 0.301060
0.619313 0.363152 0.298629
0.624353 0.362059 0.296189
0.629373 0.360922 0.293738
0.634386 0.359790 0.291307
0.639369 0.358618 0.288852
0.644334 0.357454 0.286380
0.649295 0.356243 0.283930
0.654225 0.355024 0.281469
0.659143 0.353756 0.279016
0.664051 0.352491 0.276546
0.668940 0.351203 0.274066
0.673811 0.349886 0.271572
0.678669 0.348545 0.269115
0.683515 0.347190 0.266613
0.688350 0.345785 0.264130
0.693169 0.344375 0.261624
0.697968 0.342956 0.259134
0.702766 0.341487 0.256610
0.707544 0.340003 0.254107
0.712312 0.338478 0.251594
0.717078 0.336944 0.249060
0.721815 0.335386 0.246518
0.726554 0.333785 0.243972
0.731277 0.332161 0.241449
0.735990 0.330498 0.238886
0.740697 0.328824 0.236347
0.745394 0.327096 0.233757
0.750079 0.325350 0.231207
0.754762 0.323583 0.228633
0.759422 0.321772 0.226045
0.764084 0.319944 0.223438
0.768732 0.318062 0.220849
0.773375 0.316163 0.218217
0.778014 0.314207 0.215592
0.782639 0.312213 0.212943
0.787261 0.310223 0.210310
0.791870 0.308151 0.207661
0.796473 0.306078 0.204991
0.801072 0.303923 0.202304
0.805662 0.301743 0.199607
0.810246 0.299544 0.196943
0.814826 0.297285 0.194237
0.819395 0.294966 0.191479
0.823963 0.292619 0.188754
0.828526 0.290217 0.186009
0.833079 0.287773 0.183208
0.837632 0.285274 0.180422
0.842175 0.282752 0.177656
0.846707 0.280134 0.174825
0.851239 0.277489 0.171965
0.855773 0.274767 0.169141
0.860297 0.271985 0.166234
0.864812 0.269184 0.163359
0.869329 0.266281 0.160396
0.873837 0.263325 0.157462
0.878343 0.260287 0.154500
0.882842 0.257190 0.151504
0.887340 0.254018 0.148475
0.891836 0.250760 0.145478
0.896326 0.247435 0.142370
0.900810 0.244000 0.139228
0.905296 0.240494 0.136076
0.909773 0.236934 0.132933
0.914249 0.233206 0.129725
0.918716 0.229416 0.126447
0.923190 0.225527 0.123105
0.927650 0.221506 0.119773
0.932114 0.217372 0.116406
0.936580 0.213086 0.112963
0.941033 0.208695 0.109452
0.945490 0.204168 0.105848
0.949939 0.199422 0.102181
0.954390 0.194590 0.098480
0.958838 0.189512 0.094707
0.963281 0.184258 0.090791
0.967726 0.178805 0.086809
0.972166 0.173088 0.082690
0.976600 0.167155 0.078421
0.981038 0.160896 0.074136
0.985474 0.154317 0.069657
0.989906 0.147411 0.064918
0.994335 0.140045 0.060085
0.998766 0.132259 0.054884
1.000000 0.123855 0.049555
1.000000 0.114811 0.043725
1.000000 0.104960 0.037697
1.000000 0.094143 0.031349
1.000000 0.081957 0.025286
1.000000 0.067827 0.019309
];
