%  Uniform Perceptual Contrast Colourmap
% 
%  Usage:  map = diverging_bkr_55_10_c35_n256
% 
% 
%  Centre for Exploration Targeting
%  The University of Western Australia
%  23-Nov-2014 
% 
function map = diverging_bkr_55_10_c35_n256
map = [ ...
0.000000 0.533326 0.994210
0.000000 0.529618 0.986337
0.000000 0.525907 0.978470
0.000000 0.522193 0.970621
0.000000 0.518505 0.962784
0.000000 0.514806 0.954958
0.000000 0.511111 0.947143
0.000000 0.507430 0.939340
0.000000 0.503748 0.931547
0.000000 0.500068 0.923772
0.000000 0.496397 0.916001
0.000000 0.492733 0.908253
0.000000 0.489077 0.900509
0.000000 0.485421 0.892780
0.000000 0.481779 0.885063
0.000000 0.478132 0.877356
0.000000 0.474499 0.869664
0.000000 0.470865 0.861990
0.000000 0.467239 0.854319
0.000000 0.463609 0.846664
0.000000 0.459990 0.839025
0.000000 0.456380 0.831402
0.000000 0.452782 0.823781
0.000000 0.449180 0.816184
0.000000 0.445573 0.808594
0.000000 0.441997 0.801015
0.000000 0.438404 0.793458
0.000000 0.434830 0.785907
0.000000 0.431257 0.778369
0.000000 0.427690 0.770849
0.000000 0.424118 0.763335
0.000000 0.420560 0.755843
0.000000 0.417019 0.748362
0.000000 0.413471 0.740889
0.000000 0.409935 0.733439
0.000000 0.406398 0.726000
0.000000 0.402866 0.718569
0.000000 0.399335 0.711163
0.000000 0.395834 0.703761
0.000000 0.392316 0.696379
0.000000 0.388818 0.689012
0.000000 0.385308 0.681646
0.000000 0.381820 0.674310
0.000000 0.378335 0.666981
0.000000 0.374856 0.659673
0.000000 0.371373 0.652374
0.000000 0.367909 0.645088
0.000000 0.364447 0.637824
0.000000 0.360986 0.630576
0.000000 0.357558 0.623338
0.000000 0.354098 0.616111
0.009403 0.350675 0.608910
0.020423 0.347243 0.601709
0.030919 0.343803 0.594533
0.041282 0.340395 0.587369
0.050239 0.336982 0.580230
0.057987 0.333581 0.573102
0.064936 0.330179 0.565981
0.071132 0.326774 0.558880
0.076622 0.323398 0.551807
0.081784 0.320027 0.544738
0.086364 0.316649 0.537693
0.090674 0.313281 0.530654
0.094649 0.309930 0.523639
0.098288 0.306576 0.516635
0.101653 0.303212 0.509652
0.104779 0.299884 0.502680
0.107750 0.296556 0.495731
0.110528 0.293219 0.488800
0.113096 0.289904 0.481888
0.115437 0.286585 0.474994
0.117657 0.283299 0.468101
0.119722 0.279997 0.461241
0.121629 0.276717 0.454400
0.123428 0.273436 0.447558
0.125122 0.270165 0.440748
0.126663 0.266878 0.433954
0.128120 0.263640 0.427194
0.129429 0.260374 0.420428
0.130677 0.257133 0.413694
0.131775 0.253896 0.406974
0.132795 0.250656 0.400278
0.133725 0.247444 0.393589
0.134583 0.244209 0.386923
0.135311 0.241013 0.380289
0.135948 0.237830 0.373666
0.136550 0.234647 0.367059
0.137088 0.231460 0.360466
0.137541 0.228286 0.353906
0.137907 0.225091 0.347376
0.138193 0.221937 0.340845
0.138407 0.218800 0.334348
0.138554 0.215659 0.327851
0.138637 0.212521 0.321389
0.138659 0.209390 0.314943
0.138622 0.206301 0.308534
0.138525 0.203167 0.302117
0.138371 0.200047 0.295745
0.138157 0.196993 0.289401
0.137883 0.193913 0.283067
0.137544 0.190815 0.276754
0.137139 0.187788 0.270471
0.136671 0.184710 0.264196
0.136155 0.181640 0.257932
0.135616 0.178636 0.251732
0.135050 0.175582 0.245509
0.134401 0.172568 0.239346
0.133688 0.169590 0.233173
0.132947 0.166583 0.227068
0.132174 0.163617 0.220985
0.131371 0.160619 0.214892
0.130566 0.157681 0.208876
0.129712 0.154768 0.202893
0.128838 0.151879 0.196986
0.128045 0.149046 0.191098
0.127223 0.146255 0.185343
0.126519 0.143537 0.179622
0.125902 0.140905 0.174049
0.125361 0.138343 0.168611
0.124972 0.135856 0.163349
0.124776 0.133591 0.158263
0.124805 0.131450 0.153375
0.125096 0.129480 0.148777
0.125691 0.127721 0.144497
0.126562 0.126203 0.140508
0.127812 0.124884 0.136854
0.129411 0.123836 0.133598
0.131410 0.123061 0.130736
0.133783 0.122563 0.128235
0.136512 0.122338 0.126155
0.139636 0.122376 0.124423
0.143172 0.122668 0.123093
0.146993 0.123200 0.122135
0.151137 0.123955 0.121515
0.155581 0.124911 0.121199
0.160219 0.126058 0.121152
0.165116 0.127280 0.121340
0.170217 0.128681 0.121730
0.175432 0.130223 0.122293
0.180773 0.131770 0.122999
0.186247 0.133410 0.123825
0.191761 0.135111 0.124744
0.197363 0.136819 0.125754
0.202991 0.138588 0.126747
0.208666 0.140356 0.127839
0.214370 0.142146 0.128910
0.220099 0.143940 0.130082
0.225834 0.145754 0.131190
0.231582 0.147532 0.132325
0.237347 0.149325 0.133473
0.243077 0.151094 0.134644
0.248867 0.152867 0.135743
0.254647 0.154654 0.136919
0.260415 0.156455 0.138097
0.266210 0.158212 0.139199
0.271982 0.159930 0.140378
0.277808 0.161741 0.141543
0.283615 0.163485 0.142685
0.289442 0.165184 0.143839
0.295259 0.166966 0.145010
0.301095 0.168689 0.146141
0.306952 0.170411 0.147295
0.312802 0.172124 0.148424
0.318674 0.173848 0.149617
0.324542 0.175552 0.150745
0.330433 0.177285 0.151888
0.336324 0.178980 0.153037
0.342239 0.180658 0.154197
0.348152 0.182347 0.155364
0.354070 0.184047 0.156536
0.360007 0.185760 0.157661
0.365958 0.187433 0.158838
0.371902 0.189089 0.159950
0.377875 0.190746 0.161151
0.383854 0.192414 0.162305
0.389833 0.194097 0.163465
0.395843 0.195726 0.164605
0.401837 0.197381 0.165733
0.407863 0.199005 0.166929
0.413894 0.200640 0.168055
0.419937 0.202284 0.169249
0.425981 0.203944 0.170381
0.432059 0.205552 0.171530
0.438125 0.207183 0.172685
0.444211 0.208786 0.173848
0.450299 0.210398 0.175019
0.456400 0.212023 0.176139
0.462512 0.213606 0.177339
0.468644 0.215196 0.178500
0.474788 0.216813 0.179636
0.480922 0.218394 0.180784
0.487089 0.219985 0.181940
0.493249 0.221553 0.183104
0.499428 0.223141 0.184275
0.505616 0.224677 0.185462
0.511822 0.226282 0.186595
0.518041 0.227839 0.187786
0.524258 0.229379 0.188923
0.530491 0.230944 0.190075
0.536741 0.232492 0.191232
0.542991 0.234032 0.192399
0.549254 0.235589 0.193572
0.555519 0.237134 0.194744
0.561815 0.238634 0.195890
0.568104 0.240160 0.197064
0.574405 0.241704 0.198205
0.580727 0.243204 0.199359
0.587051 0.244716 0.200520
0.593392 0.246235 0.201689
0.599740 0.247762 0.202864
0.606090 0.249252 0.204054
0.612458 0.250750 0.205195
0.618847 0.252252 0.206389
0.625227 0.253742 0.207535
0.631627 0.255236 0.208694
0.638034 0.256706 0.209859
0.644449 0.258174 0.211031
0.650882 0.259669 0.212209
0.657324 0.261129 0.213352
0.663772 0.262597 0.214528
0.670231 0.264069 0.215706
0.676697 0.265517 0.216877
0.683172 0.266961 0.218039
0.689663 0.268422 0.219209
0.696160 0.269878 0.220391
0.702666 0.271307 0.221542
0.709187 0.272744 0.222721
0.715714 0.274183 0.223874
0.722242 0.275629 0.225037
0.728791 0.277046 0.226238
0.735349 0.278468 0.227400
0.741913 0.279885 0.228581
0.748490 0.281289 0.229719
0.755077 0.282721 0.230912
0.761666 0.284110 0.232093
0.768268 0.285507 0.233238
0.774882 0.286907 0.234440
0.781510 0.288311 0.235614
0.788138 0.289708 0.236792
0.794781 0.291101 0.237955
0.801430 0.292477 0.239123
0.808092 0.293852 0.240283
0.814759 0.295231 0.241481
0.821440 0.296617 0.242641
0.828124 0.297972 0.243811
0.834824 0.299354 0.244987
0.841530 0.300700 0.246170
0.848243 0.302055 0.247360
0.854970 0.303412 0.248549
0.861703 0.304772 0.249698
0.868449 0.306134 0.250892
0.875195 0.307454 0.252075
0.881956 0.308815 0.253251
0.888727 0.310149 0.254437
0.895504 0.311465 0.255606
0.902290 0.312793 0.256787
];
