%  Uniform Perceptual Contrast Colourmap
% 
%  Usage:  map = diverging_isoluminant_cjm_75_c24_n256
% 
% 
%  Centre for Exploration Targeting
%  The University of Western Australia
%  23-Nov-2014 
% 
function map = diverging_isoluminant_cjm_75_c24_n256
map = [ ...
0.000000 0.794351 0.996711
0.000000 0.793844 0.994549
0.000000 0.793333 0.992389
0.000000 0.792821 0.990226
0.000000 0.792309 0.988063
0.000000 0.791797 0.985904
0.000000 0.791285 0.983742
0.000000 0.790772 0.981583
0.000000 0.790259 0.979423
0.000000 0.789747 0.977263
0.000000 0.789235 0.975101
0.000000 0.788720 0.972947
0.000000 0.788202 0.970786
0.000000 0.787686 0.968630
0.000000 0.787173 0.966472
0.030516 0.786658 0.964314
0.077099 0.786139 0.962158
0.107924 0.785619 0.960006
0.132186 0.785101 0.957853
0.152623 0.784583 0.955699
0.170592 0.784063 0.953545
0.186723 0.783540 0.951389
0.201445 0.783015 0.949235
0.215079 0.782495 0.947085
0.227815 0.781976 0.944934
0.239755 0.781452 0.942782
0.251061 0.780926 0.940630
0.261785 0.780400 0.938478
0.272004 0.779875 0.936331
0.281823 0.779350 0.934175
0.291232 0.778824 0.932026
0.300272 0.778298 0.929880
0.309025 0.777773 0.927728
0.317451 0.777247 0.925584
0.325616 0.776717 0.923439
0.333562 0.776185 0.921288
0.341259 0.775653 0.919140
0.348749 0.775121 0.917000
0.356048 0.774589 0.914850
0.363148 0.774057 0.912706
0.370086 0.773525 0.910563
0.376877 0.772992 0.908418
0.383503 0.772459 0.906274
0.389974 0.771927 0.904128
0.396329 0.771394 0.901986
0.402545 0.770857 0.899846
0.408649 0.770318 0.897703
0.414633 0.769779 0.895561
0.420503 0.769240 0.893417
0.426271 0.768701 0.891277
0.431956 0.768161 0.889139
0.437526 0.767622 0.886998
0.443003 0.767082 0.884859
0.448395 0.766542 0.882716
0.453700 0.766003 0.880579
0.458934 0.765462 0.878442
0.464089 0.764918 0.876302
0.469165 0.764371 0.874165
0.474161 0.763825 0.872032
0.479096 0.763279 0.869890
0.483956 0.762732 0.867758
0.488763 0.762185 0.865620
0.493499 0.761638 0.863489
0.498191 0.761092 0.861349
0.502796 0.760544 0.859215
0.507366 0.759991 0.857080
0.511870 0.759439 0.854950
0.516323 0.758891 0.852817
0.520730 0.758342 0.850679
0.525085 0.757788 0.848549
0.529394 0.757233 0.846414
0.533639 0.756679 0.844285
0.537861 0.756125 0.842157
0.542019 0.755570 0.840027
0.546150 0.755016 0.837895
0.550224 0.754459 0.835762
0.554262 0.753899 0.833635
0.558252 0.753336 0.831507
0.562224 0.752775 0.829377
0.566136 0.752219 0.827246
0.570014 0.751663 0.825115
0.573863 0.751103 0.822989
0.577670 0.750537 0.820860
0.581448 0.749969 0.818730
0.585197 0.749403 0.816609
0.588893 0.748841 0.814479
0.592582 0.748280 0.812353
0.596219 0.747715 0.810226
0.599833 0.747146 0.808104
0.603416 0.746576 0.805978
0.606970 0.746007 0.803854
0.610489 0.745437 0.801727
0.613977 0.744867 0.799609
0.617448 0.744297 0.797479
0.620892 0.743727 0.795356
0.624303 0.743157 0.793238
0.627686 0.742583 0.791111
0.631049 0.742005 0.788993
0.634384 0.741426 0.786872
0.637689 0.740851 0.784749
0.640970 0.740279 0.782623
0.644230 0.739706 0.780502
0.647471 0.739127 0.778382
0.650685 0.738543 0.776262
0.653876 0.737959 0.774138
0.657049 0.737381 0.772022
0.660191 0.736799 0.769899
0.663323 0.736213 0.767780
0.666418 0.735631 0.765671
0.669507 0.735051 0.763555
0.672569 0.734465 0.761451
0.675603 0.733876 0.759353
0.678619 0.733287 0.757273
0.681609 0.732699 0.755211
0.684581 0.732106 0.753162
0.687530 0.731506 0.751160
0.690445 0.730908 0.749180
0.693339 0.730312 0.747268
0.696200 0.729707 0.745410
0.699018 0.729095 0.743638
0.701805 0.728481 0.741956
0.704556 0.727862 0.740390
0.707261 0.727238 0.738955
0.709918 0.726608 0.737656
0.712517 0.725974 0.736525
0.715071 0.725332 0.735571
0.717570 0.724678 0.734807
0.720002 0.724017 0.734232
0.722373 0.723350 0.733856
0.724696 0.722678 0.733680
0.726950 0.722000 0.733700
0.729152 0.721317 0.733907
0.731297 0.720630 0.734292
0.733396 0.719940 0.734840
0.735445 0.719242 0.735530
0.737452 0.718537 0.736351
0.739429 0.717836 0.737293
0.741356 0.717131 0.738325
0.743272 0.716418 0.739448
0.745153 0.715706 0.740620
0.747020 0.714984 0.741853
0.748866 0.714263 0.743131
0.750706 0.713546 0.744432
0.752523 0.712819 0.745760
0.754344 0.712098 0.747109
0.756148 0.711376 0.748468
0.757950 0.710645 0.749830
0.759740 0.709914 0.751214
0.761533 0.709184 0.752583
0.763320 0.708447 0.753969
0.765108 0.707705 0.755352
0.766883 0.706970 0.756731
0.768659 0.706229 0.758115
0.770437 0.705482 0.759491
0.772208 0.704736 0.760877
0.773973 0.703988 0.762255
0.775741 0.703241 0.763637
0.777509 0.702486 0.765023
0.779265 0.701727 0.766401
0.781023 0.700975 0.767779
0.782776 0.700215 0.769160
0.784534 0.699451 0.770545
0.786282 0.698687 0.771926
0.788023 0.697921 0.773303
0.789769 0.697154 0.774684
0.791509 0.696387 0.776067
0.793252 0.695614 0.777452
0.794984 0.694834 0.778827
0.796715 0.694054 0.780207
0.798448 0.693282 0.781591
0.800179 0.692504 0.782967
0.801901 0.691714 0.784354
0.803625 0.690921 0.785731
0.805344 0.690136 0.787112
0.807067 0.689350 0.788490
0.808783 0.688554 0.789869
0.810491 0.687755 0.791248
0.812204 0.686955 0.792629
0.813911 0.686154 0.794013
0.815621 0.685352 0.795387
0.817322 0.684539 0.796765
0.819021 0.683732 0.798146
0.820722 0.682923 0.799531
0.822423 0.682105 0.800906
0.824113 0.681288 0.802284
0.825806 0.680469 0.803665
0.827496 0.679649 0.805043
0.829188 0.678827 0.806427
0.830872 0.678005 0.807804
0.832553 0.677179 0.809186
0.834237 0.676343 0.810559
0.835913 0.675507 0.811941
0.837593 0.674670 0.813318
0.839265 0.673831 0.814698
0.840938 0.672993 0.816082
0.842610 0.672146 0.817456
0.844275 0.671296 0.818833
0.845938 0.670452 0.820213
0.847602 0.669597 0.821597
0.849269 0.668740 0.822974
0.850923 0.667884 0.824351
0.852588 0.667017 0.825730
0.854239 0.666153 0.827112
0.855895 0.665287 0.828490
0.857544 0.664417 0.829871
0.859195 0.663553 0.831251
0.860842 0.662677 0.832626
0.862493 0.661800 0.834009
0.864136 0.660911 0.835385
0.865775 0.660032 0.836765
0.867414 0.659142 0.838143
0.869056 0.658257 0.839524
0.870686 0.657369 0.840902
0.872326 0.656473 0.842282
0.873955 0.655572 0.843655
0.875588 0.654666 0.845038
0.877212 0.653766 0.846413
0.878840 0.652855 0.847793
0.880465 0.651953 0.849176
0.882090 0.651039 0.850551
0.883714 0.650123 0.851934
0.885332 0.649207 0.853308
0.886950 0.648278 0.854691
0.888567 0.647357 0.856070
0.890179 0.646428 0.857446
0.891793 0.645494 0.858826
0.893401 0.644559 0.860209
0.895015 0.643622 0.861586
0.896622 0.642686 0.862968
0.898224 0.641740 0.864346
0.899831 0.640793 0.865723
0.901431 0.639848 0.867100
0.903035 0.638891 0.868487
0.904632 0.637935 0.869858
0.906231 0.636978 0.871241
0.907828 0.636014 0.872621
0.909418 0.635045 0.873998
0.911012 0.634081 0.875379
0.912602 0.633104 0.876754
0.914194 0.632127 0.878138
0.915775 0.631150 0.879515
0.917369 0.630165 0.880896
0.918946 0.629175 0.882274
0.920529 0.628190 0.883658
0.922116 0.627191 0.885035
0.923696 0.626194 0.886418
0.925271 0.625194 0.887793
0.926847 0.624194 0.889175
0.928421 0.623186 0.890553
0.929998 0.622167 0.891936
0.931569 0.621157 0.893312
0.933138 0.620144 0.894697
0.934708 0.619123 0.896075
0.936282 0.618090 0.897457
0.937845 0.617063 0.898834
0.939411 0.616027 0.900215
];
