%  Uniform Perceptual Contrast Colourmap
% 
%  Usage:  map = diverging_rainbow_bgymr_45_85_c67_n256
% 
% 
%  Centre for Exploration Targeting
%  The University of Western Australia
%  23-Nov-2014 
% 
function map = diverging_rainbow_bgymr_45_85_c67_n256
map = [ ...
0.032081 0.361818 0.973476
0.058360 0.370921 0.958455
0.075961 0.379844 0.943453
0.088784 0.388582 0.928471
0.098335 0.397136 0.913519
0.105384 0.405552 0.898579
0.110498 0.413803 0.883666
0.113804 0.421912 0.868770
0.115569 0.429905 0.853881
0.115925 0.437769 0.839018
0.114869 0.445489 0.824162
0.112656 0.453108 0.809318
0.109175 0.460590 0.794469
0.104545 0.467961 0.779610
0.099069 0.475206 0.764736
0.092835 0.482295 0.749820
0.086330 0.489228 0.734863
0.080053 0.496001 0.719825
0.074782 0.502594 0.704688
0.071457 0.508994 0.689437
0.070850 0.515169 0.674030
0.073695 0.521132 0.658462
0.079835 0.526880 0.642713
0.089012 0.532399 0.626765
0.100260 0.537716 0.610623
0.112876 0.542839 0.594280
0.126002 0.547793 0.577744
0.139098 0.552610 0.561037
0.151827 0.557316 0.544167
0.163878 0.561929 0.527144
0.174975 0.566476 0.509970
0.185078 0.570978 0.492662
0.194117 0.575468 0.475242
0.202038 0.579943 0.457659
0.208951 0.584410 0.439954
0.214835 0.588880 0.422096
0.219794 0.593370 0.404111
0.223837 0.597853 0.385966
0.227109 0.602342 0.367691
0.229637 0.606831 0.349303
0.231627 0.611301 0.330812
0.233107 0.615739 0.312296
0.234366 0.620145 0.293851
0.235532 0.624477 0.275594
0.236859 0.628729 0.257607
0.238557 0.632872 0.240116
0.240938 0.636893 0.223328
0.244180 0.640760 0.207400
0.248503 0.644469 0.192557
0.253926 0.648012 0.179018
0.260516 0.651390 0.166938
0.268210 0.654588 0.156415
0.276904 0.657645 0.147487
0.286384 0.660543 0.140122
0.296536 0.663333 0.134288
0.307117 0.666005 0.129714
0.317998 0.668600 0.126226
0.329039 0.671124 0.123560
0.340113 0.673597 0.121585
0.351161 0.676031 0.120101
0.362123 0.678435 0.118954
0.372963 0.680813 0.117981
0.383688 0.683184 0.117106
0.394258 0.685538 0.116375
0.404694 0.687877 0.115628
0.415001 0.690206 0.114863
0.425178 0.692536 0.114138
0.435230 0.694841 0.113445
0.445159 0.697149 0.112685
0.454996 0.699445 0.111904
0.464730 0.701733 0.111122
0.474371 0.704018 0.110337
0.483922 0.706295 0.109542
0.493403 0.708560 0.108658
0.502809 0.710815 0.107827
0.512149 0.713058 0.107028
0.521421 0.715303 0.106166
0.530636 0.717537 0.105234
0.539785 0.719757 0.104341
0.548895 0.721965 0.103492
0.557936 0.724175 0.102546
0.566945 0.726374 0.101601
0.575904 0.728562 0.100647
0.584812 0.730744 0.099684
0.593683 0.732920 0.098715
0.602517 0.735085 0.097735
0.611320 0.737239 0.096645
0.620087 0.739394 0.095664
0.628816 0.741524 0.094646
0.637517 0.743660 0.093510
0.646187 0.745780 0.092435
0.654829 0.747900 0.091367
0.663458 0.749999 0.090209
0.672047 0.752101 0.089055
0.680612 0.754193 0.087892
0.689170 0.756272 0.086685
0.697689 0.758347 0.085411
0.706202 0.760410 0.084247
0.714683 0.762463 0.082921
0.723153 0.764514 0.081681
0.731608 0.766552 0.080300
0.740048 0.768580 0.078922
0.748465 0.770608 0.077534
0.756870 0.772619 0.076136
0.765265 0.774624 0.074724
0.773637 0.776627 0.073310
0.782008 0.778613 0.071765
0.790358 0.780593 0.070194
0.798702 0.782567 0.068669
0.807035 0.784535 0.067000
0.815354 0.786491 0.065324
0.823664 0.788434 0.063634
0.831976 0.790372 0.061832
0.840285 0.792296 0.060168
0.848588 0.794200 0.058382
0.856894 0.796066 0.056834
0.865200 0.797893 0.055378
0.873512 0.799660 0.054292
0.881824 0.801321 0.053775
0.890123 0.802852 0.054093
0.898398 0.804201 0.055566
0.906624 0.805296 0.058415
0.914750 0.806082 0.063031
0.922724 0.806479 0.069366
0.930470 0.806412 0.077301
0.937902 0.805816 0.087030
0.944934 0.804653 0.097983
0.951470 0.802883 0.109979
0.957443 0.800513 0.122588
0.962795 0.797552 0.135701
0.967500 0.794057 0.148983
0.971553 0.790068 0.162226
0.974988 0.785673 0.175228
0.977864 0.780935 0.187949
0.980248 0.775932 0.200206
0.982217 0.770728 0.212122
0.983845 0.765375 0.223549
0.985215 0.759907 0.234571
0.986383 0.754378 0.245139
0.987404 0.748786 0.255382
0.988310 0.743168 0.265239
0.989142 0.737513 0.274794
0.989908 0.731846 0.284062
0.990622 0.726157 0.293068
0.991295 0.720454 0.301827
0.991938 0.714738 0.310400
0.992552 0.709015 0.318743
0.993136 0.703266 0.326909
0.993687 0.697500 0.334941
0.994208 0.691724 0.342793
0.994700 0.685928 0.350508
0.995163 0.680107 0.358087
0.995597 0.674279 0.365544
0.996001 0.668431 0.372887
0.996375 0.662561 0.380133
0.996721 0.656670 0.387266
0.997037 0.650754 0.394316
0.997324 0.644817 0.401282
0.997582 0.638865 0.408152
0.997810 0.632887 0.414948
0.998009 0.626883 0.421664
0.998179 0.620862 0.428325
0.998320 0.614802 0.434915
0.998431 0.608737 0.441433
0.998513 0.602624 0.447888
0.998566 0.596494 0.454306
0.998589 0.590328 0.460647
0.998583 0.584140 0.466959
0.998548 0.577913 0.473198
0.998484 0.571664 0.479416
0.998390 0.565371 0.485569
0.998267 0.559053 0.491700
0.998115 0.552699 0.497780
0.997934 0.546311 0.503811
0.997723 0.539866 0.509812
0.997484 0.533392 0.515773
0.997215 0.526887 0.521708
0.996916 0.520315 0.527614
0.996589 0.513720 0.533481
0.996232 0.507061 0.539324
0.995847 0.500356 0.545140
0.995432 0.493603 0.550925
0.994987 0.486797 0.556685
0.994514 0.479936 0.562425
0.994011 0.472999 0.568126
0.993480 0.466013 0.573813
0.992917 0.458969 0.579484
0.992323 0.451849 0.585127
0.991699 0.444657 0.590743
0.991046 0.437386 0.596350
0.990363 0.430028 0.601933
0.989652 0.422583 0.607506
0.988907 0.415065 0.613036
0.988131 0.407449 0.618546
0.987329 0.399734 0.623987
0.986491 0.391942 0.629337
0.985619 0.384051 0.634573
0.984718 0.376084 0.639614
0.983779 0.368037 0.644381
0.982811 0.359946 0.648782
0.981812 0.351826 0.652661
0.980781 0.343729 0.655882
0.979726 0.335695 0.658248
0.978640 0.327750 0.659590
0.977542 0.319987 0.659736
0.976418 0.312398 0.658533
0.975276 0.305106 0.655887
0.974113 0.298076 0.651726
0.972923 0.291396 0.646056
0.971688 0.285003 0.638952
0.970406 0.278967 0.630523
0.969067 0.273205 0.620915
0.967663 0.267685 0.610309
0.966176 0.262434 0.598901
0.964611 0.257347 0.586859
0.962968 0.252403 0.574348
0.961237 0.247563 0.561517
0.959424 0.242775 0.548464
0.957530 0.238062 0.535258
0.955558 0.233346 0.521982
0.953507 0.228692 0.508691
0.951379 0.223980 0.495372
0.949178 0.219305 0.482075
0.946909 0.214589 0.468797
0.944570 0.209865 0.455550
0.942161 0.205119 0.442344
0.939683 0.200331 0.429154
0.937140 0.195552 0.415998
0.934525 0.190728 0.402870
0.931851 0.185904 0.389762
0.929113 0.180980 0.376695
0.926313 0.176047 0.363621
0.923453 0.171106 0.350589
0.920524 0.166092 0.337546
0.917547 0.161058 0.324508
0.914502 0.155954 0.311481
0.911400 0.150759 0.298449
0.908245 0.145557 0.285397
0.905031 0.140204 0.272330
0.901760 0.134843 0.259258
0.898436 0.129324 0.246090
0.895066 0.123713 0.232884
0.891637 0.118050 0.219612
0.888159 0.112211 0.206235
0.884632 0.106230 0.192680
0.881055 0.100015 0.178984
0.877430 0.093639 0.165032
0.873761 0.087085 0.150826
0.870043 0.080130 0.136194
0.866287 0.072935 0.121071
0.862489 0.065249 0.105238
0.858639 0.057063 0.088412
0.854757 0.048151 0.069991
0.850828 0.038404 0.048987
0.846867 0.028128 0.024389
0.842871 0.018301 0.001517
];
