%  Uniform Perceptual Contrast Colourmap
% 
%  Usage:  map = isoluminant_cgo_80_c38_n256
% 
% 
%  Centre for Exploration Targeting
%  The University of Western Australia
%  23-Nov-2014 
% 
function map = isoluminant_cgo_80_c38_n256
map = [ ...
0.368062 0.826159 1.000000
0.369356 0.826498 1.000000
0.370625 0.826836 1.000000
0.371907 0.827169 1.000000
0.373187 0.827499 1.000000
0.374468 0.827828 1.000000
0.375738 0.828155 1.000000
0.377009 0.828484 1.000000
0.378281 0.828808 1.000000
0.379548 0.829130 1.000000
0.380827 0.829448 1.000000
0.382085 0.829763 1.000000
0.383359 0.830077 0.997675
0.384624 0.830387 0.994148
0.385886 0.830697 0.990617
0.387159 0.831004 0.987084
0.388440 0.831309 0.983540
0.389698 0.831612 0.980000
0.390989 0.831910 0.976448
0.392254 0.832205 0.972901
0.393528 0.832497 0.969342
0.394812 0.832787 0.965781
0.396092 0.833077 0.962217
0.397374 0.833364 0.958653
0.398663 0.833649 0.955080
0.399943 0.833932 0.951502
0.401253 0.834209 0.947920
0.402538 0.834483 0.944336
0.403845 0.834755 0.940745
0.405150 0.835024 0.937151
0.406462 0.835291 0.933546
0.407772 0.835555 0.929945
0.409097 0.835815 0.926334
0.410428 0.836074 0.922723
0.411748 0.836329 0.919099
0.413098 0.836580 0.915474
0.414431 0.836830 0.911849
0.415781 0.837077 0.908218
0.417151 0.837320 0.904575
0.418501 0.837560 0.900931
0.419880 0.837795 0.897285
0.421257 0.838026 0.893624
0.422645 0.838254 0.889964
0.424042 0.838479 0.886303
0.425461 0.838700 0.882624
0.426882 0.838919 0.878948
0.428303 0.839136 0.875268
0.429741 0.839349 0.871580
0.431198 0.839557 0.867886
0.432658 0.839762 0.864186
0.434110 0.839962 0.860479
0.435611 0.840157 0.856763
0.437109 0.840348 0.853045
0.438608 0.840535 0.849323
0.440128 0.840719 0.845590
0.441673 0.840897 0.841856
0.443225 0.841072 0.838111
0.444793 0.841242 0.834363
0.446360 0.841409 0.830607
0.447953 0.841570 0.826844
0.449578 0.841727 0.823073
0.451208 0.841879 0.819293
0.452856 0.842026 0.815516
0.454517 0.842169 0.811728
0.456194 0.842306 0.807931
0.457899 0.842437 0.804129
0.459627 0.842562 0.800320
0.461368 0.842683 0.796500
0.463117 0.842797 0.792681
0.464909 0.842906 0.788854
0.466721 0.843008 0.785016
0.468550 0.843104 0.781170
0.470409 0.843194 0.777323
0.472287 0.843278 0.773459
0.474184 0.843356 0.769595
0.476112 0.843427 0.765730
0.478060 0.843492 0.761847
0.480047 0.843549 0.757967
0.482059 0.843599 0.754076
0.484091 0.843642 0.750175
0.486163 0.843677 0.746271
0.488270 0.843704 0.742363
0.490400 0.843723 0.738444
0.492553 0.843734 0.734524
0.494758 0.843737 0.730593
0.496980 0.843730 0.726658
0.499242 0.843715 0.722715
0.501551 0.843690 0.718772
0.503884 0.843656 0.714821
0.506251 0.843612 0.710871
0.508676 0.843558 0.706913
0.511118 0.843494 0.702950
0.513619 0.843419 0.698978
0.516142 0.843333 0.695011
0.518733 0.843236 0.691037
0.521344 0.843128 0.687068
0.524012 0.843008 0.683095
0.526727 0.842875 0.679118
0.529480 0.842730 0.675146
0.532281 0.842571 0.671174
0.535124 0.842399 0.667203
0.538033 0.842212 0.663242
0.540977 0.842009 0.659273
0.543982 0.841792 0.655316
0.547035 0.841560 0.651370
0.550139 0.841314 0.647426
0.553286 0.841052 0.643490
0.556493 0.840774 0.639573
0.559762 0.840479 0.635662
0.563082 0.840168 0.631771
0.566449 0.839838 0.627895
0.569862 0.839489 0.624039
0.573341 0.839122 0.620201
0.576874 0.838736 0.616383
0.580455 0.838334 0.612587
0.584085 0.837915 0.608835
0.587763 0.837475 0.605092
0.591506 0.837013 0.601391
0.595291 0.836530 0.597727
0.599128 0.836030 0.594098
0.603002 0.835511 0.590503
0.606933 0.834970 0.586958
0.610902 0.834412 0.583456
0.614902 0.833833 0.580007
0.618962 0.833229 0.576603
0.623046 0.832608 0.573247
0.627163 0.831972 0.569939
0.631317 0.831314 0.566702
0.635497 0.830633 0.563520
0.639714 0.829935 0.560392
0.643942 0.829221 0.557332
0.648198 0.828483 0.554326
0.652478 0.827728 0.551391
0.656778 0.826961 0.548527
0.661079 0.826172 0.545718
0.665400 0.825366 0.542981
0.669735 0.824545 0.540310
0.674068 0.823708 0.537717
0.678409 0.822859 0.535176
0.682753 0.821995 0.532717
0.687101 0.821109 0.530321
0.691442 0.820211 0.527993
0.695782 0.819303 0.525726
0.700100 0.818387 0.523496
0.704406 0.817464 0.521298
0.708703 0.816534 0.519150
0.712971 0.815590 0.517033
0.717240 0.814635 0.514948
0.721475 0.813675 0.512904
0.725714 0.812706 0.510900
0.729929 0.811732 0.508948
0.734129 0.810743 0.507020
0.738312 0.809750 0.505137
0.742489 0.808748 0.503294
0.746645 0.807734 0.501511
0.750793 0.806716 0.499744
0.754923 0.805681 0.498050
0.759033 0.804646 0.496363
0.763133 0.803597 0.494753
0.767220 0.802540 0.493163
0.771299 0.801477 0.491642
0.775353 0.800407 0.490141
0.779398 0.799328 0.488699
0.783430 0.798234 0.487305
0.787446 0.797135 0.485943
0.791445 0.796029 0.484631
0.795432 0.794917 0.483373
0.799409 0.793799 0.482169
0.803361 0.792665 0.480991
0.807307 0.791525 0.479880
0.811234 0.790378 0.478801
0.815145 0.789227 0.477775
0.819040 0.788061 0.476797
0.822926 0.786897 0.475867
0.826795 0.785717 0.474986
0.830646 0.784534 0.474141
0.834483 0.783337 0.473342
0.838302 0.782140 0.472605
0.842110 0.780930 0.471913
0.845894 0.779715 0.471261
0.849672 0.778495 0.470657
0.853424 0.777271 0.470101
0.857167 0.776031 0.469590
0.860893 0.774786 0.469122
0.864604 0.773537 0.468697
0.868301 0.772283 0.468317
0.871976 0.771025 0.467987
0.875635 0.769751 0.467702
0.879276 0.768474 0.467463
0.882903 0.767194 0.467268
0.886519 0.765911 0.467115
0.890110 0.764616 0.467003
0.893687 0.763313 0.466933
0.897253 0.762007 0.466905
0.900794 0.760699 0.466921
0.904321 0.759376 0.466979
0.907838 0.758059 0.467077
0.911329 0.756727 0.467215
0.914807 0.755395 0.467390
0.918269 0.754055 0.467603
0.921716 0.752703 0.467856
0.925141 0.751361 0.468149
0.928552 0.749996 0.468484
0.931948 0.748637 0.468859
0.935329 0.747273 0.469270
0.938693 0.745897 0.469711
0.942041 0.744520 0.470185
0.945372 0.743142 0.470695
0.948683 0.741749 0.471245
0.951979 0.740359 0.471830
0.955265 0.738965 0.472442
0.958531 0.737557 0.473081
0.961775 0.736147 0.473765
0.965009 0.734742 0.474488
0.968232 0.733323 0.475237
0.971432 0.731902 0.476007
0.974618 0.730475 0.476809
0.977791 0.729042 0.477644
0.980948 0.727606 0.478509
0.984091 0.726168 0.479408
0.987217 0.724724 0.480327
0.990325 0.723268 0.481274
0.993422 0.721813 0.482260
0.996497 0.720357 0.483258
0.999567 0.718894 0.484289
1.000000 0.717432 0.485348
1.000000 0.715959 0.486435
1.000000 0.714473 0.487552
1.000000 0.712991 0.488679
1.000000 0.711512 0.489832
1.000000 0.710018 0.491029
1.000000 0.708525 0.492222
1.000000 0.707024 0.493446
1.000000 0.705517 0.494705
1.000000 0.704007 0.495966
1.000000 0.702494 0.497269
1.000000 0.700976 0.498587
1.000000 0.699449 0.499910
1.000000 0.697922 0.501278
1.000000 0.696395 0.502646
1.000000 0.694853 0.504051
1.000000 0.693316 0.505454
1.000000 0.691770 0.506895
1.000000 0.690217 0.508359
1.000000 0.688667 0.509823
1.000000 0.687103 0.511311
1.000000 0.685541 0.512822
1.000000 0.683965 0.514355
1.000000 0.682392 0.515884
1.000000 0.680810 0.517458
1.000000 0.679229 0.519034
1.000000 0.677648 0.520617
1.000000 0.676049 0.522222
1.000000 0.674449 0.523853
1.000000 0.672851 0.525490
1.000000 0.671238 0.527147
];
