%  Uniform Perceptual Contrast Colourmap
% 
%  Usage:  map = linear_bgy_10_95_c74_n256
% 
% 
%  Centre for Exploration Targeting
%  The University of Western Australia
%  17-Nov-2014 
% 
function map = linear_bgy_10_95_c74_n256
map = [ ...
0.000000 0.047803 0.488301
0.000000 0.049756 0.495563
0.000000 0.051605 0.502813
0.000000 0.053545 0.510036
0.000000 0.055585 0.517210
0.000000 0.057566 0.524350
0.000000 0.059780 0.531440
0.000000 0.061812 0.538491
0.000000 0.064016 0.545501
0.000000 0.066232 0.552447
0.000000 0.068551 0.559341
0.000000 0.070824 0.566200
0.000000 0.073229 0.572988
0.000000 0.075570 0.579713
0.000000 0.078003 0.586383
0.000000 0.080554 0.592990
0.000000 0.083114 0.599511
0.000000 0.085697 0.605963
0.000000 0.088420 0.612361
0.000000 0.091168 0.618664
0.000000 0.093925 0.624869
0.000000 0.096707 0.631006
0.000000 0.099630 0.637055
0.000000 0.102595 0.642984
0.000000 0.105607 0.648815
0.000000 0.108661 0.654536
0.000000 0.111830 0.660159
0.000000 0.114971 0.665666
0.000000 0.118291 0.671033
0.000000 0.121560 0.676258
0.000000 0.124984 0.681339
0.000000 0.128461 0.686287
0.000000 0.132007 0.691069
0.000000 0.135591 0.695697
0.000000 0.139270 0.700137
0.000000 0.143071 0.704391
0.000000 0.146904 0.708445
0.000000 0.150845 0.712273
0.000000 0.154870 0.715881
0.000000 0.159003 0.719227
0.000000 0.163230 0.722301
0.000000 0.167538 0.725100
0.000000 0.171951 0.727573
0.000000 0.176472 0.729715
0.000000 0.181130 0.731490
0.000000 0.185942 0.732895
0.000000 0.190739 0.733980
0.000000 0.195555 0.734859
0.000000 0.200330 0.735556
0.000000 0.205119 0.736081
0.000000 0.209871 0.736429
0.000000 0.214605 0.736590
0.000000 0.219336 0.736566
0.000000 0.224024 0.736366
0.000000 0.228745 0.735992
0.000000 0.233398 0.735436
0.000000 0.238091 0.734691
0.000000 0.242749 0.733761
0.000000 0.247425 0.732661
0.000000 0.252083 0.731374
0.000000 0.256726 0.729909
0.000000 0.261374 0.728248
0.000000 0.266027 0.726416
0.000000 0.270675 0.724407
0.000000 0.275311 0.722210
0.000000 0.279946 0.719834
0.000000 0.284579 0.717274
0.000000 0.289239 0.714524
0.000000 0.293868 0.711615
0.000000 0.298520 0.708511
0.000000 0.303167 0.705214
0.000000 0.307822 0.701739
0.000000 0.312479 0.698093
0.000000 0.317156 0.694264
0.000000 0.321822 0.690253
0.000000 0.326489 0.686071
0.000000 0.331155 0.681780
0.000000 0.335823 0.677461
0.000000 0.340464 0.673099
0.000000 0.345088 0.668708
0.000000 0.349701 0.664285
0.000000 0.354298 0.659838
0.000000 0.358877 0.655356
0.000000 0.363457 0.650848
0.000000 0.368025 0.646304
0.000000 0.372576 0.641730
0.000000 0.377132 0.637132
0.000000 0.381666 0.632496
0.000000 0.386185 0.627831
0.000000 0.390715 0.623133
0.000000 0.395228 0.618403
0.000000 0.399721 0.613632
0.000000 0.404226 0.608850
0.000000 0.408719 0.604020
0.000000 0.413210 0.599155
0.000000 0.417687 0.594257
0.000000 0.422151 0.589323
0.000000 0.426626 0.584365
0.000000 0.431096 0.579371
0.000000 0.435557 0.574328
0.000000 0.440006 0.569261
0.000000 0.444463 0.564165
0.000000 0.448908 0.559015
0.000000 0.453343 0.553837
0.000000 0.457781 0.548630
0.000000 0.462216 0.543363
0.000000 0.466645 0.538018
0.000000 0.471053 0.532531
0.000000 0.475447 0.526912
0.000000 0.479820 0.521148
0.000000 0.484169 0.515249
0.000000 0.488521 0.509212
0.000000 0.492841 0.503013
0.000000 0.497165 0.496683
0.000000 0.501473 0.490218
0.000000 0.505750 0.483590
0.000000 0.510035 0.476817
0.000000 0.514308 0.469896
0.000000 0.518564 0.462801
0.009787 0.522805 0.455577
0.023896 0.527044 0.448177
0.038383 0.531263 0.440608
0.051763 0.535473 0.432887
0.063442 0.539679 0.424993
0.073828 0.543882 0.416924
0.083244 0.548074 0.408662
0.092062 0.552254 0.400220
0.100192 0.556419 0.391589
0.107860 0.560588 0.382756
0.115132 0.564742 0.373720
0.122064 0.568892 0.364450
0.128713 0.573044 0.354976
0.135072 0.577177 0.345236
0.141151 0.581305 0.335267
0.146972 0.585437 0.324987
0.152567 0.589544 0.314487
0.157731 0.593668 0.303931
0.162315 0.597785 0.293521
0.166305 0.601907 0.283320
0.169844 0.606025 0.273322
0.172925 0.610152 0.263519
0.175654 0.614271 0.253875
0.178114 0.618402 0.244386
0.180206 0.622518 0.235140
0.182072 0.626638 0.226063
0.183736 0.630761 0.217149
0.185222 0.634872 0.208404
0.186488 0.638983 0.199822
0.187648 0.643089 0.191481
0.188633 0.647196 0.183340
0.189507 0.651296 0.175402
0.190290 0.655389 0.167665
0.190989 0.659481 0.160134
0.191619 0.663572 0.152934
0.192192 0.667651 0.146038
0.192716 0.671722 0.139370
0.193201 0.675793 0.133114
0.193660 0.679853 0.127202
0.194099 0.683912 0.121801
0.194514 0.687969 0.116922
0.194905 0.692018 0.112591
0.195289 0.696058 0.108809
0.195688 0.700088 0.105808
0.196106 0.704115 0.103580
0.196528 0.708137 0.102093
0.196943 0.712151 0.101394
0.197359 0.716171 0.101165
0.197788 0.720182 0.101014
0.198229 0.724201 0.100870
0.198679 0.728222 0.100733
0.199138 0.732253 0.100602
0.199607 0.736274 0.100478
0.200087 0.740311 0.100363
0.200577 0.744344 0.100255
0.201078 0.748385 0.100154
0.201591 0.752422 0.100061
0.202115 0.756469 0.099977
0.202650 0.760517 0.099902
0.203197 0.764567 0.099835
0.203762 0.768617 0.099777
0.204329 0.772675 0.099729
0.204885 0.776740 0.099691
0.205464 0.780798 0.099663
0.206079 0.784867 0.099645
0.206688 0.788936 0.099637
0.207291 0.793007 0.099641
0.207915 0.797077 0.099656
0.208553 0.801156 0.099683
0.209204 0.805235 0.099720
0.209870 0.809323 0.099770
0.210550 0.813404 0.099833
0.211249 0.817494 0.099908
0.211963 0.821588 0.099996
0.212658 0.825671 0.100096
0.213396 0.829769 0.100211
0.214544 0.833861 0.100341
0.217456 0.837845 0.100486
0.223337 0.841658 0.100649
0.231815 0.845314 0.100828
0.242278 0.848836 0.101022
0.254282 0.852240 0.101230
0.267353 0.855531 0.101450
0.281252 0.858723 0.101683
0.295707 0.861836 0.101928
0.310671 0.864851 0.102187
0.325938 0.867790 0.102461
0.341367 0.870652 0.102752
0.356839 0.873458 0.103058
0.372396 0.876191 0.103374
0.388051 0.878855 0.103692
0.403657 0.881467 0.104006
0.419209 0.884020 0.104329
0.434782 0.886509 0.104679
0.450277 0.888944 0.105067
0.465697 0.891325 0.105486
0.481109 0.893649 0.105925
0.496406 0.895931 0.106370
0.511687 0.898151 0.106814
0.526911 0.900324 0.107253
0.542024 0.902450 0.107699
0.557133 0.904518 0.108170
0.572115 0.906549 0.108692
0.587104 0.908519 0.109265
0.602009 0.910447 0.109827
0.616886 0.912320 0.110374
0.631692 0.914152 0.110946
0.646456 0.915926 0.111546
0.661176 0.917665 0.112163
0.675848 0.919345 0.112812
0.690488 0.920979 0.113465
0.705081 0.922573 0.114090
0.719655 0.924110 0.114767
0.734176 0.925604 0.115516
0.748680 0.927043 0.116274
0.763142 0.928439 0.116988
0.777593 0.929787 0.117773
0.792006 0.931085 0.118592
0.806398 0.932331 0.119370
0.820773 0.933528 0.120186
0.835111 0.934682 0.121025
0.849464 0.935781 0.121890
0.863753 0.936839 0.122779
0.878079 0.937828 0.123698
0.892340 0.938783 0.124637
0.906636 0.939675 0.125619
0.920882 0.940524 0.126568
0.935140 0.941313 0.127554
0.949387 0.942056 0.128566
0.963603 0.942752 0.129609
0.977852 0.943379 0.130676
0.992048 0.943969 0.131720
1.000000 0.944491 0.132808
1.000000 0.944968 0.133918
1.000000 0.945386 0.135047
1.000000 0.945743 0.136142
1.000000 0.946060 0.137351
];
