%  Uniform Perceptual Contrast Colourmap
% 
%  Usage:  map = linear_kryw_5_100_c67_n256
% 
% 
%  Centre for Exploration Targeting
%  The University of Western Australia
%  23-Nov-2014 
% 
function map = linear_kryw_5_100_c67_n256
map = [ ...
0.066001 0.066024 0.066019
0.080835 0.066624 0.064683
0.093644 0.067235 0.063358
0.105007 0.067862 0.061943
0.115330 0.068524 0.060589
0.124933 0.069130 0.059252
0.134455 0.069402 0.057766
0.143888 0.069337 0.056520
0.153287 0.068912 0.055114
0.162648 0.068217 0.053762
0.171865 0.067393 0.052418
0.181012 0.066415 0.051087
0.190079 0.065312 0.049777
0.199055 0.064056 0.048390
0.208004 0.062670 0.047034
0.216865 0.060979 0.045586
0.225653 0.059301 0.044240
0.234396 0.057256 0.042784
0.243056 0.055098 0.041497
0.251695 0.052720 0.040051
0.260246 0.050192 0.038638
0.268767 0.047379 0.037249
0.277214 0.044339 0.035898
0.285576 0.041067 0.034375
0.293898 0.037500 0.033040
0.302150 0.033602 0.031743
0.310364 0.029855 0.030482
0.318471 0.026015 0.029246
0.326494 0.022146 0.028041
0.334458 0.018274 0.026868
0.342305 0.014418 0.025725
0.350060 0.010378 0.024615
0.357717 0.006673 0.023538
0.365240 0.003061 0.022497
0.372648 0.000000 0.021492
0.379927 0.000000 0.020527
0.387044 0.000000 0.019604
0.394006 0.000000 0.018725
0.400791 0.000000 0.017895
0.407351 0.000000 0.017114
0.413712 0.000000 0.016389
0.419912 0.000000 0.015710
0.426067 0.000000 0.015054
0.432252 0.000000 0.014413
0.438418 0.000000 0.013785
0.444611 0.000000 0.013163
0.450797 0.000000 0.012580
0.456993 0.000000 0.012015
0.463194 0.000000 0.011343
0.469427 0.000000 0.010650
0.475646 0.000000 0.010097
0.481873 0.000000 0.009590
0.488113 0.000000 0.009070
0.494355 0.000000 0.008556
0.500601 0.000000 0.008060
0.506859 0.000000 0.007575
0.513126 0.000000 0.007100
0.519399 0.000000 0.006638
0.525678 0.000000 0.006186
0.531964 0.000000 0.005743
0.538262 0.000000 0.005309
0.544555 0.000000 0.004885
0.550860 0.000000 0.004471
0.557178 0.000000 0.004067
0.563495 0.000000 0.003670
0.569810 0.000000 0.003281
0.576154 0.000000 0.002899
0.582480 0.000000 0.002527
0.588826 0.000000 0.002164
0.595197 0.000000 0.001810
0.601579 0.000000 0.001465
0.607987 0.000000 0.001128
0.614395 0.000000 0.000802
0.620841 0.000000 0.000488
0.627290 0.000000 0.000181
0.633767 0.000000 0.000000
0.640255 0.000000 0.000000
0.646761 0.000000 0.000000
0.653279 0.000000 0.000000
0.659827 0.000000 0.000000
0.666382 0.000000 0.000000
0.672966 0.000000 0.000000
0.679553 0.000000 0.000000
0.686169 0.000000 0.000000
0.692805 0.000000 0.000000
0.699443 0.000000 0.000000
0.706114 0.000000 0.000000
0.712789 0.000000 0.000000
0.719496 0.000000 0.000000
0.726212 0.000000 0.000000
0.732948 0.000000 0.000000
0.739703 0.000000 0.000000
0.746466 0.000000 0.000000
0.753250 0.000000 0.000000
0.760053 0.000000 0.000000
0.766854 0.000000 0.000000
0.773644 0.000000 0.000000
0.780424 0.000000 0.000000
0.787192 0.000000 0.000000
0.793944 0.000000 0.000000
0.800675 0.000000 0.000000
0.807398 0.000000 0.000000
0.814103 0.000000 0.000000
0.820797 0.000000 0.000000
0.827476 0.000000 0.000000
0.834144 0.000000 0.000000
0.840790 0.000000 0.000000
0.847420 0.000000 0.000000
0.854040 0.000000 0.000000
0.860646 0.000000 0.000000
0.867230 0.000000 0.000000
0.873802 0.000000 0.000000
0.880357 0.000000 0.000000
0.886900 0.000000 0.000000
0.893421 0.000000 0.000000
0.899931 0.000000 0.000000
0.906420 0.000000 0.000000
0.912893 0.000000 0.000000
0.919347 0.000000 0.000000
0.925790 0.004187 0.000000
0.932207 0.008841 0.000000
0.938583 0.014235 0.000000
0.944836 0.020592 0.000000
0.950898 0.028663 0.000000
0.956760 0.038768 0.000000
0.962416 0.049864 0.000000
0.967866 0.061034 0.000000
0.973112 0.072263 0.000000
0.978155 0.083447 0.000000
0.983004 0.094617 0.000000
0.987639 0.105713 0.000000
0.992053 0.116853 0.000000
0.996257 0.127972 0.000000
1.000000 0.139003 0.000000
1.000000 0.150056 0.000000
1.000000 0.161054 0.000000
1.000000 0.172043 0.000000
1.000000 0.183028 0.000000
1.000000 0.194021 0.000000
1.000000 0.204933 0.000000
1.000000 0.215858 0.000000
1.000000 0.226767 0.000000
1.000000 0.237683 0.000000
1.000000 0.248567 0.000000
1.000000 0.259425 0.000000
1.000000 0.270267 0.000000
1.000000 0.281080 0.000000
1.000000 0.291933 0.000000
1.000000 0.302670 0.000000
1.000000 0.313235 0.000000
1.000000 0.323516 0.000000
1.000000 0.333561 0.000000
1.000000 0.343371 0.000000
1.000000 0.352981 0.000000
1.000000 0.362400 0.000000
1.000000 0.371642 0.000617
1.000000 0.380749 0.002182
1.000000 0.389684 0.003757
1.000000 0.398500 0.005339
1.000000 0.407182 0.006931
1.000000 0.415748 0.008528
1.000000 0.424203 0.010112
1.000000 0.432566 0.011953
1.000000 0.440810 0.013525
1.000000 0.448988 0.015122
1.000000 0.457059 0.016714
1.000000 0.465059 0.018299
1.000000 0.472978 0.019872
1.000000 0.480830 0.021427
1.000000 0.488620 0.022968
1.000000 0.496330 0.024493
1.000000 0.503999 0.026001
1.000000 0.511591 0.027485
1.000000 0.519143 0.028939
1.000000 0.526636 0.030367
1.000000 0.534059 0.031780
1.000000 0.541430 0.033208
1.000000 0.548751 0.034768
1.000000 0.555981 0.036315
1.000000 0.563178 0.037812
1.000000 0.570296 0.039323
1.000000 0.577371 0.040851
1.000000 0.584394 0.042350
1.000000 0.591364 0.043767
1.000000 0.598280 0.045295
1.000000 0.605157 0.046771
1.000000 0.611986 0.048174
1.000000 0.618781 0.049666
1.000000 0.625518 0.051026
1.000000 0.632224 0.052400
1.000000 0.638888 0.053786
1.000000 0.645512 0.055176
1.000000 0.652109 0.056589
1.000000 0.658661 0.057815
1.000000 0.665184 0.059250
1.000000 0.671674 0.060511
1.000000 0.678135 0.061743
1.000000 0.684557 0.063098
1.000000 0.690952 0.064301
1.000000 0.697314 0.065521
1.000000 0.703646 0.066739
1.000000 0.709968 0.068288
1.000000 0.716215 0.071897
1.000000 0.722313 0.079934
1.000000 0.728291 0.091953
1.000000 0.734162 0.106269
1.000000 0.739943 0.121825
1.000000 0.745638 0.138192
1.000000 0.751282 0.154795
1.000000 0.756856 0.171584
1.000000 0.762379 0.188575
1.000000 0.767856 0.205617
1.000000 0.773301 0.222564
1.000000 0.778715 0.239453
1.000000 0.784097 0.256398
1.000000 0.789446 0.273347
1.000000 0.794776 0.290184
1.000000 0.800085 0.307121
1.000000 0.805369 0.324037
1.000000 0.810644 0.340961
1.000000 0.815909 0.357946
1.000000 0.821158 0.374874
1.000000 0.826395 0.391939
1.000000 0.831628 0.409019
1.000000 0.836848 0.426154
1.000000 0.842066 0.443362
1.000000 0.847273 0.460599
1.000000 0.852488 0.477946
1.000000 0.857690 0.495326
1.000000 0.862900 0.512824
1.000000 0.868107 0.530355
1.000000 0.873306 0.548026
1.000000 0.878515 0.565714
1.000000 0.883725 0.583559
1.000000 0.888938 0.601438
1.000000 0.894152 0.619467
1.000000 0.899374 0.637533
1.000000 0.904595 0.655735
1.000000 0.909828 0.674005
1.000000 0.915061 0.692389
1.000000 0.920303 0.710869
1.000000 0.925557 0.729419
1.000000 0.930815 0.748122
1.000000 0.936084 0.766841
1.000000 0.941352 0.785769
1.000000 0.946638 0.804710
1.000000 0.951929 0.823810
1.000000 0.957234 0.842986
1.000000 0.962548 0.862254
1.000000 0.967874 0.881659
1.000000 0.973210 0.901084
1.000000 0.978557 0.920742
1.000000 0.983920 0.940416
1.000000 0.989285 0.960174
1.000000 0.994662 0.980080
0.999862 1.000000 1.000000
];
