%  Uniform Perceptual Contrast Colourmap
% 
%  Usage:  map = linear_kry_5_98_c75_n256
% 
% 
%  Centre for Exploration Targeting
%  The University of Western Australia
%  23-Nov-2014 
% 
function map = linear_kry_5_98_c75_n256
map = [ ...
0.066001 0.066024 0.066019
0.080538 0.066611 0.064712
0.093113 0.067208 0.063412
0.104330 0.067823 0.062042
0.114471 0.068466 0.060693
0.123920 0.069079 0.059406
0.133239 0.069387 0.057942
0.142497 0.069367 0.056714
0.151705 0.069013 0.055346
0.160874 0.068361 0.054020
0.169951 0.067575 0.052699
0.178919 0.066658 0.051395
0.187827 0.065607 0.050099
0.196644 0.064412 0.048820
0.205372 0.063105 0.047405
0.214066 0.061489 0.046005
0.222701 0.059924 0.044746
0.231281 0.057935 0.043254
0.239778 0.055984 0.042035
0.248257 0.053694 0.040618
0.256652 0.051268 0.039228
0.264995 0.048696 0.037860
0.273302 0.045729 0.036506
0.281529 0.042641 0.035190
0.289716 0.039309 0.033667
0.297830 0.035771 0.032419
0.305897 0.031918 0.031169
0.313864 0.028215 0.029947
0.321763 0.024452 0.028752
0.329613 0.020653 0.027583
0.337358 0.016844 0.026442
0.345020 0.013048 0.025331
0.352579 0.009150 0.024255
0.360028 0.005529 0.023213
0.367364 0.002042 0.022204
0.374593 0.000000 0.021232
0.381675 0.000000 0.020297
0.388616 0.000000 0.019403
0.395394 0.000000 0.018552
0.401972 0.000000 0.017747
0.408374 0.000000 0.016994
0.414564 0.000000 0.016295
0.420619 0.000000 0.015634
0.426656 0.000000 0.014992
0.432702 0.000000 0.014366
0.438739 0.000000 0.013752
0.444805 0.000000 0.013144
0.450863 0.000000 0.012574
0.456928 0.000000 0.012021
0.462998 0.000000 0.011365
0.469098 0.000000 0.010683
0.475190 0.000000 0.010135
0.481276 0.000000 0.009639
0.487390 0.000000 0.009129
0.493493 0.000000 0.008624
0.499607 0.000000 0.008137
0.505731 0.000000 0.007662
0.511869 0.000000 0.007195
0.518016 0.000000 0.006737
0.524156 0.000000 0.006292
0.530309 0.000000 0.005858
0.536470 0.000000 0.005432
0.542634 0.000000 0.005014
0.548808 0.000000 0.004605
0.554977 0.000000 0.004204
0.561159 0.000000 0.003813
0.567354 0.000000 0.003431
0.573547 0.000000 0.003056
0.579752 0.000000 0.002688
0.585961 0.000000 0.002327
0.592187 0.000000 0.001974
0.598417 0.000000 0.001632
0.604681 0.000000 0.001301
0.610956 0.000000 0.000978
0.617245 0.000000 0.000664
0.623558 0.000000 0.000357
0.629877 0.000000 0.000058
0.636224 0.000000 0.000000
0.642580 0.000000 0.000000
0.648958 0.000000 0.000000
0.655346 0.000000 0.000000
0.661762 0.000000 0.000000
0.668187 0.000000 0.000000
0.674626 0.000000 0.000000
0.681081 0.000000 0.000000
0.687564 0.000000 0.000000
0.694052 0.000000 0.000000
0.700569 0.000000 0.000000
0.707096 0.000000 0.000000
0.713639 0.000000 0.000000
0.720199 0.000000 0.000000
0.726776 0.000000 0.000000
0.733372 0.000000 0.000000
0.739987 0.000000 0.000000
0.746609 0.000000 0.000000
0.753250 0.000000 0.000000
0.759909 0.000000 0.000000
0.766569 0.000000 0.000000
0.773216 0.000000 0.000000
0.779853 0.000000 0.000000
0.786482 0.000000 0.000000
0.793091 0.000000 0.000000
0.799688 0.000000 0.000000
0.806268 0.000000 0.000000
0.812832 0.000000 0.000000
0.819386 0.000000 0.000000
0.825931 0.000000 0.000000
0.832460 0.000000 0.000000
0.838971 0.000000 0.000000
0.845468 0.000000 0.000000
0.851954 0.000000 0.000000
0.858420 0.000000 0.000000
0.864875 0.000000 0.000000
0.871317 0.000000 0.000000
0.877740 0.000000 0.000000
0.884150 0.000000 0.000000
0.890539 0.000000 0.000000
0.896920 0.000000 0.000000
0.903281 0.000000 0.000000
0.909626 0.000000 0.000000
0.915950 0.000000 0.000000
0.922268 0.001783 0.000000
0.928559 0.006161 0.000000
0.934835 0.010887 0.000000
0.941042 0.016478 0.000000
0.947102 0.023267 0.000000
0.952964 0.031841 0.000000
0.958625 0.042415 0.000000
0.964091 0.053281 0.000000
0.969372 0.064278 0.000000
0.974460 0.075188 0.000000
0.979358 0.086066 0.000000
0.984050 0.096997 0.000000
0.988530 0.107943 0.000000
0.992820 0.118877 0.000000
0.996903 0.129730 0.000000
1.000000 0.140536 0.000000
1.000000 0.151296 0.000000
1.000000 0.162102 0.000000
1.000000 0.172856 0.000000
1.000000 0.183611 0.000000
1.000000 0.194373 0.000000
1.000000 0.205051 0.000000
1.000000 0.215743 0.000000
1.000000 0.226422 0.000000
1.000000 0.237107 0.000000
1.000000 0.247760 0.000000
1.000000 0.258384 0.000000
1.000000 0.269027 0.000000
1.000000 0.279625 0.000000
1.000000 0.290201 0.000000
1.000000 0.300755 0.000000
1.000000 0.311148 0.000000
1.000000 0.321264 0.000000
1.000000 0.331134 0.000000
1.000000 0.340808 0.000000
1.000000 0.350272 0.000000
1.000000 0.359542 0.000000
1.000000 0.368656 0.000108
1.000000 0.377601 0.001634
1.000000 0.386401 0.003173
1.000000 0.395084 0.004723
1.000000 0.403638 0.006280
1.000000 0.412069 0.007842
1.000000 0.420388 0.009413
1.000000 0.428615 0.011021
1.000000 0.436746 0.012734
1.000000 0.444787 0.014303
1.000000 0.452741 0.015864
1.000000 0.460601 0.017417
1.000000 0.468404 0.018959
1.000000 0.476136 0.020491
1.000000 0.483788 0.022011
1.000000 0.491400 0.023517
1.000000 0.498925 0.025006
1.000000 0.506396 0.026472
1.000000 0.513829 0.027913
1.000000 0.521193 0.029330
1.000000 0.528517 0.030724
1.000000 0.535773 0.032109
1.000000 0.542984 0.033495
1.000000 0.550122 0.035116
1.000000 0.557209 0.036562
1.000000 0.564230 0.038032
1.000000 0.571194 0.039515
1.000000 0.578109 0.041015
1.000000 0.584986 0.042457
1.000000 0.591806 0.043871
1.000000 0.598572 0.045349
1.000000 0.605300 0.046804
1.000000 0.611986 0.048174
1.000000 0.618637 0.049638
1.000000 0.625235 0.050967
1.000000 0.631802 0.052314
1.000000 0.638328 0.053669
1.000000 0.644816 0.055030
1.000000 0.651278 0.056416
1.000000 0.657705 0.057622
1.000000 0.664091 0.059010
1.000000 0.670455 0.060291
1.000000 0.676780 0.061456
1.000000 0.683075 0.062815
1.000000 0.689349 0.063988
1.000000 0.695583 0.065188
1.000000 0.701780 0.066380
1.000000 0.707978 0.067574
1.000000 0.714150 0.068771
1.000000 0.720279 0.069853
1.000000 0.726372 0.070910
1.000000 0.732437 0.071928
1.000000 0.738468 0.072954
1.000000 0.744477 0.073945
1.000000 0.750466 0.074848
1.000000 0.756430 0.075762
1.000000 0.762373 0.076661
1.000000 0.768300 0.077556
1.000000 0.774212 0.078448
1.000000 0.780111 0.079336
1.000000 0.785995 0.080219
1.000000 0.791859 0.081101
1.000000 0.797713 0.081992
1.000000 0.803556 0.082776
1.000000 0.809390 0.083622
1.000000 0.815207 0.084477
1.000000 0.821016 0.085237
1.000000 0.826818 0.086035
1.000000 0.832607 0.086929
1.000000 0.838388 0.087733
1.000000 0.844160 0.088519
1.000000 0.849928 0.089324
1.000000 0.855686 0.090123
1.000000 0.861433 0.090933
1.000000 0.867175 0.091749
1.000000 0.872914 0.092489
1.000000 0.878643 0.093256
1.000000 0.884370 0.094098
1.000000 0.890085 0.094916
1.000000 0.895800 0.095666
1.000000 0.901506 0.096403
1.000000 0.907211 0.097221
1.000000 0.912907 0.098051
1.000000 0.918597 0.098807
1.000000 0.924287 0.099584
1.000000 0.929972 0.100364
1.000000 0.935654 0.101151
1.000000 0.941328 0.101940
1.000000 0.947003 0.102740
1.000000 0.952672 0.103544
1.000000 0.958341 0.104280
1.000000 0.963999 0.105055
1.000000 0.969660 0.105892
1.000000 0.975319 0.106704
1.000000 0.980984 0.107457
1.000000 0.986628 0.108205
1.000000 0.992276 0.109032
1.000000 0.997922 0.109859
];
