%  Uniform Perceptual Contrast Colourmap
% 
%  Usage:  map = linear_gow_60_85_c27_n256
% 
% 
%  Centre for Exploration Targeting
%  The University of Western Australia
%  23-Nov-2014 
% 
function map = linear_gow_60_85_c27_n256
map = [ ...
0.398723 0.606241 0.564505
0.401565 0.607207 0.562660
0.404398 0.608160 0.560801
0.407237 0.609111 0.558952
0.410093 0.610046 0.557124
0.412934 0.610993 0.555275
0.415773 0.611923 0.553442
0.418626 0.612850 0.551624
0.421478 0.613776 0.549799
0.424349 0.614696 0.547983
0.427230 0.615613 0.546175
0.430095 0.616530 0.544360
0.432982 0.617430 0.542562
0.435879 0.618332 0.540762
0.438765 0.619231 0.538972
0.441687 0.620117 0.537191
0.444612 0.620995 0.535401
0.447523 0.621863 0.533624
0.450472 0.622738 0.531863
0.453424 0.623605 0.530102
0.456387 0.624459 0.528346
0.459366 0.625306 0.526600
0.462354 0.626147 0.524852
0.465356 0.626982 0.523120
0.468375 0.627815 0.521382
0.471421 0.628637 0.519661
0.474474 0.629443 0.517954
0.477536 0.630254 0.516235
0.480613 0.631054 0.514544
0.483721 0.631839 0.512848
0.486852 0.632618 0.511162
0.489989 0.633391 0.509490
0.493144 0.634159 0.507826
0.496331 0.634907 0.506157
0.499541 0.635648 0.504522
0.502772 0.636388 0.502868
0.506018 0.637111 0.501246
0.509307 0.637822 0.499614
0.512610 0.638524 0.498021
0.515935 0.639216 0.496403
0.519302 0.639900 0.494825
0.522680 0.640568 0.493235
0.526100 0.641219 0.491682
0.529549 0.641867 0.490118
0.533024 0.642501 0.488578
0.536538 0.643116 0.487048
0.540071 0.643719 0.485522
0.543648 0.644310 0.484016
0.547260 0.644886 0.482532
0.550916 0.645446 0.481050
0.554610 0.645991 0.479600
0.558333 0.646522 0.478149
0.562120 0.647035 0.476720
0.565924 0.647527 0.475315
0.569780 0.648000 0.473908
0.573689 0.648459 0.472533
0.577637 0.648901 0.471177
0.581641 0.649320 0.469840
0.585704 0.649715 0.468510
0.589801 0.650087 0.467217
0.593972 0.650436 0.465929
0.598192 0.650761 0.464687
0.602480 0.651063 0.463444
0.606831 0.651338 0.462242
0.611242 0.651586 0.461062
0.615719 0.651804 0.459908
0.620282 0.651990 0.458789
0.624906 0.652143 0.457690
0.629611 0.652263 0.456627
0.634408 0.652348 0.455600
0.639278 0.652396 0.454611
0.644236 0.652406 0.453640
0.649300 0.652375 0.452728
0.654446 0.652301 0.451843
0.659709 0.652180 0.451001
0.665080 0.652007 0.450208
0.670579 0.651782 0.449464
0.676122 0.651521 0.448757
0.681606 0.651261 0.448051
0.686988 0.651022 0.447357
0.692257 0.650806 0.446672
0.697405 0.650611 0.445975
0.702452 0.650440 0.445291
0.707385 0.650294 0.444613
0.712209 0.650172 0.443924
0.716941 0.650074 0.443237
0.721551 0.650000 0.442556
0.726070 0.649954 0.441874
0.730480 0.649933 0.441181
0.734796 0.649937 0.440499
0.739012 0.649968 0.439824
0.743122 0.650027 0.439137
0.747134 0.650114 0.438462
0.751059 0.650227 0.437793
0.754882 0.650369 0.437113
0.758605 0.650541 0.436433
0.762232 0.650742 0.435759
0.765778 0.650972 0.435084
0.769219 0.651232 0.434399
0.772572 0.651524 0.433718
0.775832 0.651845 0.433051
0.779004 0.652193 0.432386
0.782087 0.652571 0.431712
0.785073 0.652982 0.431032
0.787965 0.653430 0.430355
0.790776 0.653909 0.429680
0.793502 0.654415 0.429006
0.796124 0.654954 0.428333
0.798667 0.655533 0.427665
0.801121 0.656143 0.426989
0.803487 0.656780 0.426305
0.805762 0.657454 0.425636
0.807953 0.658157 0.424966
0.810055 0.658888 0.424285
0.812074 0.659664 0.423606
0.813999 0.660467 0.422929
0.815844 0.661310 0.422252
0.817598 0.662187 0.421577
0.819266 0.663092 0.420902
0.820849 0.664031 0.420229
0.822348 0.665001 0.419558
0.823755 0.666011 0.418873
0.825080 0.667051 0.418191
0.826318 0.668135 0.417522
0.827466 0.669244 0.416841
0.828534 0.670391 0.416155
0.829517 0.671561 0.415473
0.830406 0.672780 0.414792
0.831232 0.674012 0.414137
0.832023 0.675259 0.413553
0.832791 0.676509 0.413067
0.833550 0.677761 0.412680
0.834290 0.679005 0.412386
0.835011 0.680254 0.412186
0.835718 0.681507 0.412085
0.836408 0.682765 0.412089
0.837084 0.684017 0.412192
0.837744 0.685280 0.412392
0.838383 0.686534 0.412690
0.839008 0.687794 0.413088
0.839621 0.689057 0.413582
0.840215 0.690311 0.414174
0.840790 0.691574 0.414869
0.841350 0.692842 0.415668
0.841894 0.694095 0.416570
0.842423 0.695366 0.417566
0.842931 0.696632 0.418652
0.843421 0.697896 0.419858
0.843898 0.699163 0.421148
0.844360 0.700437 0.422541
0.844803 0.701702 0.424040
0.845226 0.702981 0.425643
0.845630 0.704250 0.427349
0.846018 0.705525 0.429135
0.846388 0.706804 0.431033
0.846740 0.708076 0.433026
0.847072 0.709358 0.435130
0.847387 0.710635 0.437320
0.847682 0.711914 0.439604
0.847956 0.713193 0.442006
0.848211 0.714474 0.444497
0.848447 0.715767 0.447073
0.848661 0.717053 0.449762
0.848854 0.718333 0.452556
0.849026 0.719626 0.455433
0.849176 0.720910 0.458407
0.849303 0.722201 0.461487
0.849406 0.723496 0.464667
0.849486 0.724796 0.467931
0.849543 0.726091 0.471304
0.849576 0.727386 0.474769
0.849582 0.728686 0.478324
0.849564 0.729991 0.481987
0.849520 0.731289 0.485730
0.849450 0.732601 0.489574
0.849351 0.733905 0.493523
0.849224 0.735215 0.497572
0.849069 0.736520 0.501699
0.848886 0.737833 0.505913
0.848682 0.739156 0.510219
0.848478 0.740459 0.514541
0.848284 0.741760 0.518854
0.848097 0.743064 0.523156
0.847919 0.744352 0.527452
0.847749 0.745639 0.531746
0.847586 0.746925 0.536032
0.847427 0.748205 0.540317
0.847274 0.749473 0.544598
0.847125 0.750753 0.548879
0.846980 0.752018 0.553140
0.846838 0.753278 0.557418
0.846698 0.754546 0.561680
0.846562 0.755801 0.565935
0.846427 0.757055 0.570191
0.846293 0.758310 0.574444
0.846161 0.759553 0.578701
0.846030 0.760806 0.582947
0.845899 0.762047 0.587194
0.845769 0.763290 0.591443
0.845638 0.764533 0.595683
0.845507 0.765773 0.599925
0.845375 0.767005 0.604167
0.845242 0.768238 0.608404
0.845108 0.769472 0.612628
0.844973 0.770707 0.616868
0.844836 0.771936 0.621098
0.844696 0.773160 0.625325
0.844554 0.774386 0.629552
0.844409 0.775612 0.633786
0.844261 0.776841 0.638008
0.844110 0.778061 0.642235
0.843957 0.779280 0.646458
0.843801 0.780500 0.650681
0.843641 0.781722 0.654899
0.843479 0.782935 0.659122
0.843313 0.784159 0.663352
0.843144 0.785372 0.667570
0.842972 0.786589 0.671786
0.842795 0.787797 0.676007
0.842613 0.789015 0.680221
0.842426 0.790223 0.684441
0.842235 0.791434 0.688668
0.842039 0.792647 0.692888
0.841837 0.793861 0.697101
0.841631 0.795065 0.701319
0.841420 0.796272 0.705539
0.841204 0.797480 0.709760
0.840983 0.798691 0.713976
0.840756 0.799901 0.718195
0.840525 0.801103 0.722411
0.840288 0.802308 0.726635
0.840045 0.803515 0.730854
0.839796 0.804722 0.735078
0.839540 0.805925 0.739302
0.839276 0.807133 0.743520
0.839006 0.808335 0.747743
0.838732 0.809540 0.751963
0.838452 0.810740 0.756184
0.838166 0.811945 0.760408
0.837875 0.813145 0.764632
0.837576 0.814348 0.768853
0.837268 0.815554 0.773079
0.836954 0.816757 0.777312
0.836632 0.817955 0.781537
0.836303 0.819156 0.785765
0.835969 0.820358 0.789991
0.835627 0.821564 0.794224
0.835277 0.822765 0.798451
0.834921 0.823963 0.802681
0.834558 0.825164 0.806918
0.834187 0.826369 0.811149
0.833808 0.827568 0.815384
0.833417 0.828773 0.819618
0.833020 0.829973 0.823855
0.832617 0.831175 0.828091
0.832208 0.832374 0.832333
];
