%  Uniform Perceptual Contrast Colourmap
% 
%  Usage:  map = linear_bmw_5_95_c89_n256
% 
% 
%  Centre for Exploration Targeting
%  The University of Western Australia
%  23-Nov-2014 
% 
function map = linear_bmw_5_95_c89_n256
map = [ ...
0.000000 0.017709 0.346413
0.000000 0.020672 0.355500
0.000000 0.023402 0.364598
0.000000 0.025899 0.373756
0.000000 0.028159 0.382946
0.000000 0.030176 0.392170
0.000000 0.031948 0.401434
0.000000 0.033460 0.410740
0.000000 0.034886 0.420065
0.000000 0.036005 0.429430
0.000000 0.037031 0.438819
0.000000 0.038092 0.448246
0.000000 0.039171 0.457695
0.000000 0.040270 0.467181
0.000000 0.041408 0.476678
0.000000 0.042463 0.486205
0.000000 0.043503 0.495757
0.000000 0.044741 0.505330
0.000000 0.045774 0.514939
0.000000 0.047001 0.524561
0.000000 0.048092 0.534200
0.000000 0.049352 0.543867
0.000000 0.050447 0.553548
0.000000 0.051609 0.563259
0.000000 0.052795 0.572977
0.000000 0.054014 0.582706
0.000000 0.055261 0.592470
0.000000 0.056563 0.602228
0.000000 0.057716 0.612007
0.000000 0.059101 0.621795
0.000000 0.060386 0.631606
0.000000 0.061629 0.641415
0.000000 0.063072 0.651242
0.000000 0.064391 0.661065
0.000000 0.065778 0.670900
0.000000 0.067217 0.680725
0.000000 0.068717 0.690562
0.000000 0.070145 0.700399
0.000000 0.071697 0.710228
0.000000 0.073287 0.720049
0.000000 0.074826 0.729852
0.000000 0.076443 0.739645
0.000000 0.078139 0.749421
0.000000 0.079895 0.759148
0.000000 0.081680 0.768721
0.000000 0.083307 0.778112
0.000000 0.084962 0.787311
0.000000 0.086573 0.796321
0.000000 0.088156 0.805150
0.000000 0.089689 0.813791
0.000000 0.091208 0.822249
0.000000 0.092616 0.830510
0.000000 0.094080 0.838574
0.000000 0.095474 0.846437
0.000000 0.096762 0.854103
0.000000 0.098154 0.861577
0.000000 0.099403 0.868856
0.000000 0.100648 0.875931
0.000000 0.101872 0.882808
0.000000 0.103086 0.889493
0.000000 0.104202 0.895971
0.000000 0.105319 0.902236
0.000000 0.106469 0.908297
0.000000 0.107492 0.914153
0.000000 0.108490 0.919803
0.000000 0.109565 0.925251
0.000000 0.110523 0.930498
0.000000 0.111470 0.935535
0.000000 0.112397 0.940364
0.000000 0.113311 0.944974
0.000000 0.114131 0.949367
0.000000 0.114979 0.953570
0.000000 0.115845 0.957599
0.000000 0.116620 0.961481
0.000000 0.117328 0.965223
0.000000 0.118065 0.968827
0.000000 0.118726 0.972284
0.000000 0.119311 0.975585
0.000000 0.119868 0.978744
0.000000 0.120391 0.981764
0.000000 0.120874 0.984638
0.000000 0.121319 0.987365
0.000000 0.121727 0.989949
0.042484 0.122097 0.992389
0.096239 0.122428 0.994677
0.132721 0.122718 0.996815
0.162255 0.122968 0.998811
0.187881 0.123182 1.000000
0.210912 0.123357 1.000000
0.232156 0.123495 1.000000
0.252015 0.123596 1.000000
0.270806 0.123660 1.000000
0.288723 0.123686 1.000000
0.305962 0.123673 1.000000
0.322587 0.123622 1.000000
0.338692 0.123537 1.000000
0.354363 0.123417 1.000000
0.369637 0.123262 1.000000
0.384571 0.123074 1.000000
0.399193 0.122855 1.000000
0.413477 0.122620 1.000000
0.427359 0.122388 1.000000
0.440840 0.122165 1.000000
0.453998 0.121950 1.000000
0.466841 0.121743 1.000000
0.479394 0.121545 1.000000
0.491693 0.121355 1.000000
0.503739 0.121174 1.000000
0.515568 0.120999 1.000000
0.527211 0.120831 1.000000
0.538657 0.120670 1.000000
0.549921 0.120515 1.000000
0.561023 0.120366 1.000000
0.571981 0.120224 1.000000
0.582788 0.120088 1.000000
0.593473 0.119957 1.000000
0.604031 0.119831 1.000000
0.614457 0.119710 1.000000
0.624790 0.119594 1.000000
0.635012 0.119482 1.000000
0.645132 0.119376 1.000000
0.655164 0.119274 1.000000
0.665108 0.119175 1.000000
0.674970 0.119081 1.000000
0.684751 0.118989 1.000000
0.694455 0.118898 1.000000
0.704096 0.118809 1.000000
0.713663 0.118728 1.000000
0.723124 0.118732 1.000000
0.732440 0.118959 1.000000
0.741558 0.119490 1.000000
0.750507 0.120357 1.000000
0.759265 0.121562 1.000000
0.767850 0.123125 1.000000
0.776268 0.125045 1.000000
0.784522 0.127242 1.000000
0.792607 0.129813 1.000000
0.800539 0.132621 1.000000
0.808316 0.135703 1.000000
0.815944 0.139099 1.000000
0.823414 0.142788 1.000000
0.830738 0.146694 1.000000
0.837913 0.150873 1.000000
0.844943 0.155270 1.000000
0.851835 0.159843 1.000000
0.858586 0.164668 1.000000
0.865203 0.169667 1.000000
0.871689 0.174811 1.000000
0.878033 0.180104 1.000000
0.884242 0.185615 1.000000
0.890313 0.191201 1.000000
0.896258 0.196973 1.000000
0.902072 0.202819 1.000000
0.907763 0.208804 1.000000
0.913321 0.214880 1.000000
0.918750 0.221090 1.000000
0.924054 0.227368 1.000000
0.929189 0.233795 1.000000
0.934148 0.240406 1.000000
0.938936 0.247200 1.000000
0.943546 0.254129 1.000000
0.947980 0.261183 1.000000
0.952239 0.268371 1.000000
0.956329 0.275696 1.000000
0.960238 0.283111 1.000000
0.963961 0.290636 1.000000
0.967514 0.298272 1.000000
0.970886 0.306024 1.000000
0.974086 0.313824 1.000000
0.977115 0.321701 1.000000
0.979969 0.329677 1.000000
0.982647 0.337690 1.000000
0.985146 0.345775 1.000000
0.987461 0.353937 1.000000
0.989595 0.362164 1.000000
0.991551 0.370423 1.000000
0.993334 0.378743 1.000000
0.994932 0.387096 1.000000
0.996355 0.395509 1.000000
0.997600 0.403945 1.000000
0.998663 0.412430 1.000000
0.999534 0.420936 1.000000
1.000000 0.429498 1.000000
1.000000 0.438087 1.000000
1.000000 0.446681 1.000000
1.000000 0.455242 1.000000
1.000000 0.463691 1.000000
1.000000 0.472029 1.000000
1.000000 0.480240 1.000000
1.000000 0.488348 1.000000
1.000000 0.496338 1.000000
1.000000 0.504257 1.000000
1.000000 0.512058 1.000000
1.000000 0.519780 1.000000
1.000000 0.527424 1.000000
1.000000 0.534982 1.000000
1.000000 0.542468 1.000000
1.000000 0.549876 1.000000
1.000000 0.557221 1.000000
1.000000 0.564486 1.000000
1.000000 0.571695 1.000000
1.000000 0.578845 1.000000
1.000000 0.585938 1.000000
1.000000 0.592972 1.000000
1.000000 0.599948 1.000000
1.000000 0.606878 1.000000
1.000000 0.613744 1.000000
1.000000 0.620584 1.000000
1.000000 0.627360 1.000000
1.000000 0.634103 1.000000
1.000000 0.640786 1.000000
1.000000 0.647433 1.000000
1.000000 0.654052 1.000000
1.000000 0.660631 1.000000
1.000000 0.667180 1.000000
1.000000 0.673701 1.000000
1.000000 0.680191 1.000000
1.000000 0.686667 1.000000
1.000000 0.693119 1.000000
1.000000 0.699539 1.000000
1.000000 0.705948 1.000000
1.000000 0.712327 1.000000
1.000000 0.718692 1.000000
1.000000 0.725042 1.000000
1.000000 0.731361 1.000000
1.000000 0.737669 1.000000
1.000000 0.743962 1.000000
1.000000 0.750234 1.000000
1.000000 0.756492 1.000000
1.000000 0.762730 1.000000
1.000000 0.768955 1.000000
1.000000 0.775167 1.000000
1.000000 0.781367 1.000000
1.000000 0.787548 1.000000
1.000000 0.793722 1.000000
1.000000 0.799877 1.000000
1.000000 0.806016 1.000000
1.000000 0.812146 1.000000
1.000000 0.818263 1.000000
1.000000 0.824371 1.000000
1.000000 0.830471 1.000000
1.000000 0.836555 1.000000
1.000000 0.842633 1.000000
1.000000 0.848694 1.000000
1.000000 0.854750 1.000000
1.000000 0.860794 1.000000
1.000000 0.866828 1.000000
1.000000 0.872857 0.999780
1.000000 0.878873 0.999501
1.000000 0.884884 0.999212
1.000000 0.890884 0.998917
0.999751 0.896880 0.998613
0.999246 0.902873 0.998302
0.998719 0.908841 0.997986
0.998171 0.914809 0.997661
0.997602 0.920768 0.997331
];
