%  Uniform Perceptual Contrast Colourmap
% 
%  Usage:  map = rainbow_bgyr_35_85_c73_n256
% 
% 
%  Centre for Exploration Targeting
%  The University of Western Australia
%  23-Nov-2014 
% 
function map = rainbow_bgyr_35_85_c73_n256
map = [ ...
0.000000 0.207552 0.976323
0.000000 0.218566 0.964762
0.000000 0.229102 0.953223
0.000000 0.239225 0.941691
0.000000 0.248993 0.930179
0.000000 0.258423 0.918678
0.000000 0.267563 0.907200
0.000000 0.276489 0.895730
0.000000 0.285130 0.884277
0.000000 0.293585 0.872835
0.000000 0.301839 0.861407
0.000000 0.309941 0.849996
0.000000 0.317846 0.838593
0.000000 0.325600 0.827209
0.000000 0.333244 0.815835
0.000000 0.340731 0.804471
0.000000 0.348102 0.793120
0.000000 0.355369 0.781778
0.000000 0.362503 0.770446
0.000000 0.369543 0.759127
0.000000 0.376493 0.747830
0.000000 0.383327 0.736540
0.000000 0.390047 0.725285
0.000000 0.396671 0.714045
0.000000 0.403189 0.702855
0.000000 0.409568 0.691711
0.000000 0.415803 0.680630
0.000000 0.421880 0.669647
0.000000 0.427805 0.658752
0.000000 0.433519 0.647986
0.000000 0.439047 0.637365
0.000000 0.444384 0.626891
0.000000 0.449496 0.616585
0.000000 0.454414 0.606436
0.000000 0.459137 0.596455
0.001922 0.463685 0.586621
0.027932 0.468083 0.576928
0.054843 0.472362 0.567346
0.076598 0.476530 0.557853
0.095053 0.480617 0.548445
0.111055 0.484650 0.539073
0.125232 0.488654 0.529742
0.137954 0.492621 0.520418
0.149354 0.496582 0.511105
0.159624 0.500548 0.501791
0.168997 0.504521 0.492445
0.177465 0.508492 0.483086
0.185172 0.512463 0.473695
0.192171 0.516453 0.464289
0.198564 0.520457 0.454827
0.204434 0.524478 0.445315
0.209743 0.528510 0.435773
0.214606 0.532552 0.426161
0.219048 0.536606 0.416512
0.223088 0.540663 0.406791
0.226742 0.544738 0.396996
0.230020 0.548829 0.387135
0.232998 0.552915 0.377201
0.235675 0.557030 0.367159
0.238015 0.561136 0.357035
0.240060 0.565256 0.346782
0.241853 0.569393 0.336400
0.243339 0.573542 0.325884
0.244577 0.577688 0.315230
0.245562 0.581851 0.304391
0.246300 0.586027 0.293358
0.246799 0.590194 0.282137
0.247074 0.594379 0.270674
0.247144 0.598560 0.258955
0.247036 0.602746 0.246959
0.246793 0.606929 0.234719
0.246475 0.611094 0.222150
0.246164 0.615232 0.209332
0.245966 0.619355 0.196280
0.246017 0.623421 0.182974
0.246476 0.627422 0.169598
0.247525 0.631351 0.156147
0.249310 0.635177 0.142764
0.252038 0.638895 0.129650
0.255794 0.642487 0.116931
0.260700 0.645934 0.104838
0.266744 0.649251 0.093668
0.273902 0.652412 0.083583
0.282049 0.655441 0.074764
0.291041 0.658342 0.067449
0.300713 0.661124 0.061598
0.310931 0.663815 0.057362
0.321473 0.666408 0.054542
0.332261 0.668946 0.052918
0.343137 0.671422 0.052293
0.354019 0.673860 0.052401
0.364872 0.676266 0.053030
0.375639 0.678643 0.054018
0.386293 0.681000 0.055243
0.396831 0.683351 0.056640
0.407252 0.685685 0.057955
0.417547 0.688005 0.059542
0.427717 0.690314 0.060911
0.437772 0.692624 0.062454
0.447701 0.694909 0.063883
0.457552 0.697194 0.065334
0.467314 0.699468 0.066802
0.476976 0.701733 0.068291
0.486563 0.703994 0.069758
0.496070 0.706245 0.071211
0.505511 0.708484 0.072621
0.514898 0.710713 0.074107
0.524212 0.712928 0.075510
0.533464 0.715144 0.076938
0.542677 0.717351 0.078389
0.551829 0.719541 0.079862
0.560926 0.721719 0.081360
0.569983 0.723896 0.082779
0.579005 0.726066 0.084273
0.587974 0.728219 0.085630
0.596920 0.730371 0.087170
0.605813 0.732511 0.088583
0.614682 0.734640 0.090030
0.623528 0.736756 0.091506
0.632329 0.738872 0.092872
0.641101 0.740967 0.094388
0.649857 0.743067 0.095796
0.658575 0.745146 0.097234
0.667277 0.747224 0.098697
0.675953 0.749283 0.100127
0.684603 0.751349 0.101575
0.693242 0.753388 0.103049
0.701848 0.755430 0.104442
0.710449 0.757457 0.105943
0.719025 0.759473 0.107382
0.727584 0.761485 0.108808
0.736125 0.763486 0.110296
0.744658 0.765483 0.111732
0.753170 0.767459 0.113196
0.761673 0.769433 0.114568
0.770163 0.771403 0.116080
0.778640 0.773352 0.117490
0.787109 0.775299 0.118969
0.795559 0.777242 0.120383
0.804006 0.779163 0.121819
0.812438 0.781082 0.123274
0.820864 0.782989 0.124743
0.829287 0.784893 0.126226
0.837693 0.786784 0.127661
0.846093 0.788664 0.129100
0.854497 0.790528 0.130601
0.862894 0.792377 0.132026
0.871274 0.794202 0.133465
0.879640 0.795982 0.134908
0.887988 0.797712 0.136260
0.896302 0.799370 0.137686
0.904557 0.800905 0.138965
0.912728 0.802289 0.140214
0.920768 0.803467 0.141385
0.928631 0.804377 0.142378
0.936253 0.804946 0.143219
0.943546 0.805112 0.143852
0.950442 0.804814 0.144245
0.956861 0.803995 0.144367
0.962741 0.802616 0.144195
0.968030 0.800672 0.143719
0.972699 0.798162 0.142941
0.976743 0.795121 0.141877
0.980197 0.791592 0.140548
0.983097 0.787638 0.138953
0.985514 0.783326 0.137205
0.987514 0.778723 0.135259
0.989175 0.773890 0.133190
0.990564 0.768889 0.131029
0.991751 0.763765 0.128752
0.992788 0.758555 0.126467
0.993710 0.753274 0.124104
0.994551 0.747962 0.121726
0.995337 0.742614 0.119372
0.996082 0.737241 0.116966
0.996791 0.731855 0.114527
0.997476 0.726455 0.112166
0.998143 0.721043 0.109765
0.998792 0.715630 0.107300
0.999421 0.710194 0.104796
1.000000 0.704748 0.102381
1.000000 0.699288 0.099908
1.000000 0.693818 0.097450
1.000000 0.688341 0.095000
1.000000 0.682842 0.092452
1.000000 0.677337 0.089960
1.000000 0.671805 0.087465
1.000000 0.666263 0.084890
1.000000 0.660707 0.082364
1.000000 0.655135 0.079729
1.000000 0.649555 0.077118
1.000000 0.643943 0.074554
1.000000 0.638324 0.071927
1.000000 0.632685 0.069347
1.000000 0.627024 0.066593
1.000000 0.621345 0.063895
1.000000 0.615647 0.061104
1.000000 0.609929 0.058355
1.000000 0.604197 0.055584
1.000000 0.598426 0.052708
1.000000 0.592653 0.049893
1.000000 0.586836 0.046988
1.000000 0.581005 0.043966
1.000000 0.575148 0.041014
1.000000 0.569263 0.037943
1.000000 0.563362 0.034887
1.000000 0.557425 0.031822
1.000000 0.551454 0.028972
1.000000 0.545457 0.026194
1.000000 0.539422 0.023487
1.000000 0.533362 0.020851
1.000000 0.527273 0.018287
1.000000 0.521140 0.015792
1.000000 0.514974 0.013362
1.000000 0.508775 0.010828
1.000000 0.502522 0.008526
1.000000 0.496232 0.006308
1.000000 0.489906 0.004156
1.000000 0.483531 0.002069
1.000000 0.477114 0.000049
1.000000 0.470648 0.000000
1.000000 0.464131 0.000000
1.000000 0.457544 0.000000
1.000000 0.450916 0.000000
1.000000 0.444229 0.000000
1.000000 0.437476 0.000000
1.000000 0.430650 0.000000
1.000000 0.423753 0.000000
1.000000 0.416801 0.000000
1.000000 0.409762 0.000000
1.000000 0.402633 0.000000
1.000000 0.395436 0.000000
1.000000 0.388132 0.000000
1.000000 0.380747 0.000000
1.000000 0.373240 0.000000
1.000000 0.365636 0.000000
1.000000 0.357919 0.000000
1.000000 0.350065 0.000000
1.000000 0.342077 0.000000
1.000000 0.333949 0.000000
1.000000 0.325642 0.000000
1.000000 0.317194 0.000000
1.000000 0.308556 0.000000
1.000000 0.299707 0.000000
1.000000 0.290631 0.000000
1.000000 0.281320 0.000000
1.000000 0.271733 0.000000
1.000000 0.261871 0.000000
1.000000 0.251668 0.000000
1.000000 0.241057 0.000000
1.000000 0.230015 0.000000
1.000000 0.218512 0.000000
1.000000 0.206423 0.000000
1.000000 0.193608 0.000000
1.000000 0.179958 0.000000
1.000000 0.165277 0.000000
];
