%  Uniform Perceptual Contrast Colourmap
% 
%  Usage:  map = rainbow_bgyrm_35_85_c71_n256
% 
% 
%  Centre for Exploration Targeting
%  The University of Western Australia
%  23-Nov-2014 
% 
function map = rainbow_bgyrm_35_85_c71_n256
map = [ ...
0.000000 0.207552 0.976323
0.000000 0.221128 0.962009
0.000000 0.233968 0.947725
0.000000 0.246229 0.933456
0.000000 0.257981 0.919216
0.000000 0.269318 0.905003
0.000000 0.280216 0.890807
0.000000 0.290791 0.876635
0.000000 0.301042 0.862498
0.000000 0.311031 0.848376
0.000000 0.320744 0.834291
0.000000 0.330203 0.820227
0.000000 0.339448 0.806207
0.000000 0.348456 0.792220
0.000000 0.357272 0.778280
0.000000 0.365864 0.764389
0.000000 0.374265 0.750561
0.000000 0.382446 0.736795
0.000000 0.390437 0.723108
0.000000 0.398226 0.709520
0.000000 0.405804 0.696026
0.000000 0.413167 0.682639
0.006480 0.420312 0.669382
0.016533 0.427265 0.656255
0.028131 0.433984 0.643256
0.041954 0.440519 0.630413
0.055821 0.446858 0.617702
0.069351 0.453008 0.605141
0.082392 0.458979 0.592726
0.095132 0.464789 0.580430
0.107468 0.470450 0.568256
0.119415 0.475979 0.556190
0.130948 0.481390 0.544229
0.141949 0.486711 0.532344
0.152406 0.491954 0.520508
0.162355 0.497123 0.508734
0.171663 0.502247 0.496969
0.180389 0.507332 0.485221
0.188540 0.512388 0.473469
0.196055 0.517439 0.461709
0.202968 0.522464 0.449904
0.209311 0.527499 0.438057
0.215077 0.532538 0.426131
0.220334 0.537580 0.414146
0.225002 0.542628 0.402062
0.229221 0.547682 0.389894
0.232948 0.552750 0.377627
0.236265 0.557828 0.365239
0.239133 0.562920 0.352736
0.241636 0.568006 0.340101
0.243763 0.573107 0.327318
0.245615 0.578193 0.314415
0.247231 0.583284 0.301375
0.248661 0.588358 0.288222
0.249934 0.593422 0.274957
0.251234 0.598445 0.261601
0.252561 0.603442 0.248195
0.254067 0.608388 0.234743
0.255840 0.613259 0.221289
0.258021 0.618075 0.207897
0.260738 0.622804 0.194648
0.264083 0.627437 0.181525
0.268125 0.631969 0.168726
0.273002 0.636390 0.156249
0.278729 0.640682 0.144167
0.285310 0.644851 0.132618
0.292786 0.648902 0.121647
0.301087 0.652811 0.111498
0.310187 0.656611 0.102092
0.319962 0.660275 0.093634
0.330337 0.663835 0.086180
0.341233 0.667278 0.079836
0.352537 0.670631 0.074617
0.364160 0.673884 0.070480
0.376031 0.677070 0.067441
0.388049 0.680170 0.065341
0.400175 0.683226 0.064135
0.412346 0.686225 0.063669
0.424507 0.689184 0.063793
0.436647 0.692100 0.064391
0.448731 0.694978 0.065355
0.460731 0.697835 0.066603
0.472665 0.700672 0.068066
0.484503 0.703483 0.069670
0.496254 0.706277 0.071332
0.507930 0.709054 0.073060
0.519500 0.711809 0.074792
0.530991 0.714547 0.076552
0.542399 0.717285 0.078345
0.553721 0.719995 0.080170
0.564973 0.722691 0.082034
0.576175 0.725387 0.083799
0.587287 0.728054 0.085523
0.598352 0.730714 0.087403
0.609370 0.733361 0.089162
0.620333 0.735986 0.090964
0.631243 0.738609 0.092702
0.642110 0.741207 0.094561
0.652930 0.743801 0.096272
0.663728 0.746374 0.098130
0.674473 0.748933 0.099882
0.685194 0.751487 0.101673
0.695880 0.754017 0.103500
0.706537 0.756534 0.105240
0.717167 0.759037 0.107085
0.727763 0.761527 0.108841
0.738339 0.764004 0.110662
0.748899 0.766466 0.112456
0.759437 0.768908 0.114197
0.769957 0.771338 0.116037
0.780452 0.773729 0.117803
0.790923 0.776100 0.119572
0.801365 0.778430 0.121321
0.811777 0.780713 0.123081
0.822149 0.782937 0.124845
0.832466 0.785091 0.126573
0.842722 0.787147 0.128276
0.852891 0.789083 0.129947
0.862954 0.790869 0.131519
0.872875 0.792479 0.133045
0.882621 0.793877 0.134511
0.892161 0.795009 0.135806
0.901434 0.795846 0.137074
0.910403 0.796345 0.138190
0.919004 0.796463 0.139095
0.927201 0.796164 0.139867
0.934941 0.795415 0.140501
0.942185 0.794195 0.140918
0.948886 0.792475 0.141117
0.955033 0.790259 0.141108
0.960603 0.787548 0.140891
0.965591 0.784358 0.140452
0.970017 0.780695 0.139799
0.973895 0.776610 0.139012
0.977259 0.772120 0.138084
0.980145 0.767274 0.136935
0.982598 0.762114 0.135656
0.984667 0.756683 0.134325
0.986397 0.751022 0.132838
0.987839 0.745154 0.131290
0.989042 0.739138 0.129677
0.990041 0.732983 0.128004
0.990875 0.726723 0.126298
0.991576 0.720382 0.124533
0.992170 0.713975 0.122763
0.992678 0.707516 0.121003
0.993117 0.701016 0.119261
0.993497 0.694474 0.117471
0.993829 0.687913 0.115725
0.994124 0.681315 0.113938
0.994381 0.674704 0.112199
0.994609 0.668073 0.110448
0.994814 0.661416 0.108652
0.994997 0.654735 0.106966
0.995156 0.648040 0.105172
0.995292 0.641322 0.103505
0.995406 0.634591 0.101757
0.995496 0.627826 0.100052
0.995565 0.621039 0.098389
0.995611 0.614219 0.096641
0.995635 0.607392 0.095059
0.995637 0.600518 0.093326
0.995618 0.593626 0.091753
0.995576 0.586700 0.090085
0.995513 0.579751 0.088460
0.995428 0.572764 0.086866
0.995323 0.565733 0.085214
0.995195 0.558675 0.083665
0.995047 0.551591 0.082128
0.994878 0.544457 0.080509
0.994689 0.537290 0.078934
0.994478 0.530071 0.077397
0.994247 0.522813 0.075900
0.993997 0.515501 0.074438
0.993726 0.508161 0.072980
0.993434 0.500749 0.071525
0.993122 0.493285 0.070045
0.992789 0.485772 0.068661
0.992436 0.478200 0.067207
0.992063 0.470568 0.065800
0.991671 0.462853 0.064435
0.991259 0.455094 0.063129
0.990828 0.447238 0.061707
0.990379 0.439309 0.060477
0.989915 0.431312 0.059288
0.989435 0.423213 0.058031
0.988939 0.415053 0.057060
0.988431 0.406812 0.056202
0.987920 0.398498 0.055473
0.987409 0.390109 0.055034
0.986901 0.381683 0.054941
0.986403 0.373212 0.055283
0.985928 0.364736 0.056189
0.985489 0.356298 0.057588
0.985100 0.347920 0.059933
0.984775 0.339680 0.062969
0.984532 0.331614 0.066854
0.984391 0.323844 0.071751
0.984370 0.316451 0.077527
0.984489 0.309522 0.084428
0.984765 0.303137 0.092170
0.985213 0.297467 0.100811
0.985843 0.292561 0.110400
0.986666 0.288540 0.120716
0.987678 0.285454 0.131896
0.988879 0.283400 0.143763
0.990260 0.282374 0.156322
0.991804 0.282369 0.169484
0.993497 0.283355 0.183176
0.995307 0.285283 0.197430
0.997221 0.288101 0.212138
0.999214 0.291706 0.227220
1.000000 0.295964 0.242638
1.000000 0.300804 0.258359
1.000000 0.306146 0.274322
1.000000 0.311820 0.290467
1.000000 0.317835 0.306786
1.000000 0.324057 0.323212
1.000000 0.330454 0.339735
1.000000 0.336969 0.356321
1.000000 0.343554 0.372954
1.000000 0.350197 0.389642
1.000000 0.356861 0.406373
1.000000 0.363521 0.423117
1.000000 0.370191 0.439910
1.000000 0.376867 0.456717
1.000000 0.383520 0.473550
1.000000 0.390140 0.490423
1.000000 0.396750 0.507309
1.000000 0.403353 0.524231
1.000000 0.409928 0.541184
1.000000 0.416481 0.558178
1.000000 0.423015 0.575219
1.000000 0.429551 0.592305
1.000000 0.436071 0.609423
1.000000 0.442579 0.626586
1.000000 0.449074 0.643798
1.000000 0.455556 0.661062
1.000000 0.462033 0.678375
1.000000 0.468503 0.695737
1.000000 0.474977 0.713142
1.000000 0.481427 0.730604
1.000000 0.487890 0.748118
1.000000 0.494338 0.765681
1.000000 0.500782 0.783291
1.000000 0.507225 0.800957
1.000000 0.513672 0.818672
1.000000 0.520102 0.836446
1.000000 0.526554 0.854266
1.000000 0.532988 0.872145
1.000000 0.539421 0.890068
1.000000 0.545870 0.908051
1.000000 0.552309 0.926078
0.999447 0.558740 0.944161
0.995971 0.565181 0.962292
0.992279 0.571631 0.980481
];
